Time [min],Capstan speed [m/min],Preform feed rate [mm/min],Temperature [C],Tension [g],Preform Pressure [mBar],Diameter [mm],Diameter X [um],Diameter Y [um]
19.147215,16.227786,4.014972,200.255490,55.856184,0.635144,305.000000,309.000000,308.000000
19.160396,16.278786,4.020068,200.204490,57.844837,0.941075,298.000000,298.000000,299.000000
19.173710,16.304285,4.009876,200.357490,55.856184,1.145029,301.000000,299.000000,301.000000
19.187045,16.304285,4.009876,200.153490,53.714557,1.247006,298.000000,298.000000,299.000000
19.200387,16.406283,4.020068,200.204490,59.986463,1.043052,297.000000,298.000000,298.000000
19.213786,16.431783,4.014972,200.102490,53.714557,1.043052,300.000000,298.000000,299.000000
19.227053,16.278786,4.014972,200.204490,65.111069,0.635144,299.000000,299.000000,300.000000
19.240377,16.355284,4.014972,200.357490,59.986463,0.635144,300.000000,299.000000,300.000000
19.253687,16.355284,3.994588,200.306490,56.009157,0.635144,299.000000,298.000000,299.000000
19.267043,16.278786,4.025164,200.408490,53.638071,1.145029,302.000000,302.000000,302.000000
19.280468,16.253286,4.014972,200.510491,57.615377,1.348983,298.000000,299.000000,299.000000
19.293702,16.253286,4.025164,200.561491,57.691863,1.043052,299.000000,299.000000,300.000000
19.307021,16.304285,4.009876,200.459490,54.938344,1.043052,300.000000,300.000000,301.000000
19.320377,16.278786,4.004780,200.357490,56.085644,1.450960,301.000000,299.000000,301.000000
19.333675,16.304285,4.014972,200.408490,60.062950,0.737121,307.000000,305.000000,307.000000
19.347097,16.227786,4.025164,200.204490,54.861857,1.145029,304.000000,303.000000,304.000000
19.360381,16.227786,4.020068,200.255490,55.703210,1.043052,304.000000,304.000000,305.000000
19.373715,16.431783,4.014972,200.051490,59.833490,1.043052,305.000000,301.000000,303.000000
19.387046,16.304285,4.009876,200.204490,52.796717,1.145029,294.000000,281.000000,288.000000
19.400392,16.559281,3.994588,199.745489,57.921323,0.839098,303.000000,305.000000,304.000000
19.413813,16.431783,4.020068,200.000490,57.691863,1.348983,302.000000,304.000000,303.000000
19.427021,16.431783,4.025164,199.898490,51.802391,1.247006,300.000000,300.000000,301.000000
19.440369,16.457283,3.999684,199.694489,59.145110,0.839098,303.000000,302.000000,303.000000
19.453716,16.508282,4.009876,199.796490,54.785370,1.043052,302.000000,301.000000,302.000000
19.467056,16.584781,4.009876,199.694489,54.785370,0.839098,299.000000,299.000000,300.000000
19.480427,16.610280,4.009876,199.592489,57.997810,0.533167,298.000000,298.000000,298.000000
19.495377,16.661279,4.004780,199.592489,57.079970,1.043052,296.000000,296.000000,297.000000
19.508768,16.712278,4.025164,199.745489,55.626724,1.145029,301.000000,300.000000,301.000000
19.522135,16.763278,3.994588,199.592489,56.926997,0.839098,288.000000,292.000000,290.000000
19.535312,16.431783,4.025164,199.643489,56.697537,1.145029,296.000000,295.000000,297.000000
19.548684,16.559281,3.994588,199.439489,55.091317,1.145029,306.000000,298.000000,303.000000
19.562016,16.559281,3.994588,199.541489,54.020504,1.043052,307.000000,307.000000,309.000000
19.575323,16.151288,4.025164,199.745489,58.686190,1.043052,299.000000,292.000000,297.000000
19.588726,16.202287,4.020068,199.694489,55.856184,1.145029,299.000000,305.000000,303.000000
19.601989,16.202287,4.004780,199.541489,53.026177,1.043052,305.000000,306.000000,306.000000
19.615311,16.329785,4.030260,199.796490,60.674843,1.247006,297.000000,297.000000,297.000000
19.628732,16.329785,4.025164,199.847490,53.867531,1.348983,293.000000,298.000000,295.000000
19.642003,16.431783,4.020068,199.847490,53.561584,1.348983,311.000000,308.000000,311.000000
19.655395,16.457283,4.020068,199.847490,57.691863,1.348983,295.000000,299.000000,297.000000
19.668659,16.457283,4.014972,200.102490,52.873204,0.839098,306.000000,301.000000,304.000000
19.682021,16.533781,3.999684,199.949490,58.074297,1.043052,304.000000,292.000000,300.000000
19.695324,16.508282,4.014972,200.102490,57.156457,0.737121,297.000000,300.000000,299.000000
19.708656,16.610280,3.999684,200.000490,53.102664,1.145029,297.000000,298.000000,298.000000
19.722062,16.661279,4.020068,200.153490,59.909976,1.043052,298.000000,302.000000,301.000000
19.735325,16.661279,3.999684,200.000490,56.009157,1.043052,289.000000,299.000000,294.000000
19.748658,16.406283,4.014972,200.255490,53.867531,1.043052,306.000000,302.000000,306.000000
19.762033,16.431783,4.009876,200.204490,58.915650,1.145029,302.000000,297.000000,301.000000
19.775342,16.380784,4.009876,200.357490,55.932670,0.635144,300.000000,300.000000,300.000000
19.788742,16.380784,4.020068,200.408490,55.550237,1.247006,302.000000,301.000000,303.000000
19.801989,16.355284,4.020068,200.459490,57.768350,1.348983,301.000000,302.000000,303.000000
19.815336,16.431783,4.020068,200.306490,55.014830,0.839098,301.000000,300.000000,301.000000
19.828676,16.559281,3.994588,200.153490,56.085644,0.635144,301.000000,301.000000,301.000000
19.842019,16.431783,4.025164,200.306490,56.621050,1.247006,293.000000,288.000000,289.000000
19.855388,16.533781,4.025164,200.306490,53.714557,1.043052,306.000000,308.000000,309.000000
19.868679,16.533781,4.025164,200.306490,57.768350,1.145029,301.000000,299.000000,302.000000
19.882006,16.584781,4.014972,200.306490,56.926997,0.839098,291.000000,301.000000,295.000000
19.895356,16.661279,4.004780,200.000490,56.009157,0.839098,305.000000,306.000000,306.000000
19.908699,16.508282,4.025164,200.306490,57.615377,0.839098,307.000000,307.000000,310.000000
19.922067,16.610280,4.020068,200.000490,53.561584,1.348983,300.000000,301.000000,302.000000
19.935341,16.763278,3.994588,200.051490,58.992136,0.839098,298.000000,298.000000,299.000000
19.948677,16.737778,4.014972,200.000490,53.944017,1.043052,299.000000,299.000000,299.000000
19.961995,16.865276,4.009876,200.153490,58.915650,0.737121,300.000000,300.000000,300.000000
19.975346,16.916275,4.009876,200.204490,54.861857,1.043052,300.000000,299.000000,300.000000
19.988744,16.865276,3.999684,199.949490,56.162130,0.839098,300.000000,300.000000,300.000000
20.002020,16.865276,3.999684,199.898490,59.068623,0.635144,302.000000,301.000000,303.000000
20.015408,16.737778,4.025164,200.153490,52.873204,0.941075,299.000000,300.000000,300.000000
20.028658,16.865276,3.999684,200.051490,59.068623,0.635144,300.000000,300.000000,300.000000
20.042000,16.788777,4.009876,200.000490,53.714557,1.043052,299.000000,299.000000,300.000000
20.055416,16.839776,4.025164,200.306490,57.844837,1.145029,301.000000,302.000000,303.000000
20.068676,16.890776,4.009876,200.204490,54.938344,1.043052,304.000000,303.000000,304.000000
20.082051,16.865276,4.014972,200.051490,58.074297,0.533167,302.000000,302.000000,303.000000
20.095369,16.916275,3.994588,199.898490,55.091317,0.737121,298.000000,295.000000,296.000000
20.108703,16.890776,3.999684,199.847490,58.839163,1.145029,301.000000,301.000000,301.000000
20.122094,16.941775,4.004780,199.949490,54.173477,0.635144,300.000000,301.000000,301.000000
20.135305,16.967274,4.025164,199.898490,56.697537,1.348983,301.000000,302.000000,302.000000
20.148713,17.069273,3.999684,199.643489,56.009157,1.043052,301.000000,301.000000,302.000000
20.162033,16.992774,4.014972,199.847490,55.932670,0.941075,303.000000,304.000000,303.000000
