Time [min],Capstan speed [m/min],Preform feed rate [mm/min],Temperature [C],Tension [g],Preform Pressure [mBar],Diameter [mm],Diameter X [um],Diameter Y [um]
20.175381,16.992774,4.009876,199.745489,56.926997,1.450960,302.000000,303.000000,302.000000
20.188721,17.043773,3.999684,199.643489,57.156457,0.635144,302.000000,300.000000,303.000000
20.202034,16.992774,3.999684,199.745489,54.020504,0.839098,302.000000,301.000000,303.000000
20.215341,16.941775,4.025164,199.898490,60.674843,1.043052,304.000000,302.000000,303.000000
20.228715,17.196771,4.009876,199.796490,53.944017,1.450960,299.000000,301.000000,300.000000
20.241996,17.171271,4.009876,199.592489,59.068623,0.839098,289.000000,300.000000,292.000000
20.255409,17.171271,4.004780,199.745489,56.850510,1.348983,309.000000,303.000000,308.000000
20.268714,17.349768,3.994588,199.694489,57.003483,0.839098,303.000000,302.000000,304.000000
20.282034,17.375268,3.999684,199.694489,57.003483,0.635144,301.000000,300.000000,300.000000
20.295380,17.273269,4.009876,199.847490,56.009157,1.247006,300.000000,294.000000,297.000000
20.308691,17.375268,4.020068,199.796490,56.774023,0.635144,300.000000,300.000000,301.000000
20.322072,17.324268,4.020068,199.745489,53.485097,0.941075,301.000000,300.000000,301.000000
20.335321,17.324268,4.025164,199.592489,58.839163,1.043052,302.000000,301.000000,302.000000
20.348675,17.349768,4.025164,199.643489,55.550237,1.247006,301.000000,300.000000,300.000000
20.362028,17.426267,4.009876,199.439489,55.856184,0.737121,301.000000,302.000000,303.000000
20.375385,17.451766,4.025164,199.643489,58.762676,0.839098,299.000000,299.000000,300.000000
20.388774,17.451766,4.030260,199.694489,51.802391,0.941075,302.000000,301.000000,302.000000
20.402043,17.553765,3.999684,199.541489,58.150783,0.839098,304.000000,303.000000,304.000000
20.415369,17.451766,4.025164,199.643489,57.844837,1.145029,303.000000,301.000000,302.000000
20.428681,17.553765,3.994588,199.490489,52.873204,0.737121,301.000000,295.000000,297.000000
20.442015,17.655763,4.030260,199.694489,59.604030,0.737121,301.000000,305.000000,304.000000
20.455392,17.630263,4.025164,199.592489,57.921323,1.145029,299.000000,300.000000,300.000000
20.468707,17.757761,4.020068,199.694489,53.867531,1.043052,289.000000,290.000000,288.000000
20.482051,17.783261,4.009876,199.337489,57.768350,1.145029,303.000000,305.000000,306.000000
20.495396,17.859760,3.999684,199.388489,58.074297,0.839098,297.000000,295.000000,297.000000
20.508718,17.783261,4.009876,199.439489,52.873204,1.348983,294.000000,294.000000,295.000000
20.522087,17.859760,3.999684,199.490489,55.932670,1.145029,301.000000,300.000000,301.000000
20.535356,17.783261,4.025164,199.337489,57.691863,1.756891,299.000000,300.000000,300.000000
20.548694,17.553765,4.020068,199.286489,53.944017,1.756891,301.000000,300.000000,301.000000
20.562007,17.655763,3.999684,199.082488,59.145110,1.756891,300.000000,299.000000,300.000000
20.575416,17.502766,4.025164,199.082488,56.774023,1.858868,290.000000,299.000000,293.000000
20.588762,17.579264,4.014972,199.133489,52.184824,1.043052,308.000000,308.000000,310.000000
20.602023,17.579264,4.014972,199.337489,57.691863,2.164799,307.000000,305.000000,306.000000
20.615361,17.655763,4.014972,199.133489,57.921323,1.756891,301.000000,299.000000,301.000000
20.628691,17.630263,4.004780,199.235489,54.096991,1.450960,307.000000,305.000000,307.000000
20.642071,18.063756,3.994588,199.184489,55.091317,1.348983,305.000000,308.000000,307.000000
20.655391,17.987258,4.014972,199.286489,55.856184,2.164799,301.000000,301.000000,301.000000
20.668704,17.936258,4.025164,199.337489,60.598356,1.756891,301.000000,300.000000,301.000000
20.682047,18.191254,4.014972,199.337489,56.774023,2.062822,302.000000,300.000000,302.000000
20.695356,18.191254,4.014972,199.235489,51.802391,2.164799,291.000000,292.000000,290.000000
20.708680,18.165755,4.014972,199.337489,54.020504,1.858868,306.000000,307.000000,309.000000
20.722090,18.191254,4.009876,199.337489,57.003483,2.062822,304.000000,303.000000,305.000000
20.735399,18.242253,3.999684,199.337489,58.074297,1.858868,290.000000,303.000000,294.000000
20.748691,18.216754,4.025164,199.592489,57.844837,1.858868,310.000000,303.000000,308.000000
20.762027,18.344252,4.004780,199.286489,57.997810,1.858868,302.000000,302.000000,304.000000
20.775375,18.344252,4.009876,199.490489,54.020504,2.062822,308.000000,311.000000,310.000000
20.788755,18.344252,4.025164,199.592489,52.720231,1.858868,299.000000,299.000000,299.000000
20.802022,18.344252,4.020068,199.541489,53.638071,2.164799,307.000000,308.000000,309.000000
20.815358,18.777745,4.009876,199.541489,54.938344,2.062822,310.000000,304.000000,308.000000
20.828723,18.803244,4.020068,199.490489,52.949691,2.164799,301.000000,309.000000,307.000000
20.842031,18.726746,4.025164,199.643489,53.714557,1.960845,299.000000,299.000000,296.000000
20.855447,19.032741,3.999684,199.439489,53.944017,1.858868,309.000000,313.000000,312.000000
20.868694,18.981741,4.014972,199.592489,52.873204,1.858868,303.000000,303.000000,303.000000
20.882039,18.956242,4.025164,199.796490,53.714557,2.164799,298.000000,300.000000,298.000000
20.895379,19.287736,4.004780,199.490489,57.079970,2.164799,305.000000,308.000000,306.000000
20.908703,19.160238,4.025164,199.694489,57.844837,2.266777,303.000000,302.000000,302.000000
20.922096,19.466233,4.025164,199.592489,57.921323,2.266777,299.000000,293.000000,295.000000
20.935362,19.517233,4.004780,199.592489,56.850510,2.062822,303.000000,312.000000,308.000000
20.948720,19.542732,4.009876,199.694489,56.162130,1.858868,305.000000,304.000000,305.000000
20.962024,19.695730,4.014972,199.796490,53.867531,2.572708,299.000000,300.000000,298.000000
20.975358,19.695730,3.999684,199.949490,56.926997,1.756891,303.000000,304.000000,304.000000
20.988740,19.874227,4.009876,200.051490,57.844837,2.266777,302.000000,303.000000,303.000000
21.002038,19.899726,4.009876,200.000490,55.779697,1.858868,303.000000,301.000000,303.000000
21.015386,19.823228,4.020068,200.204490,57.003483,1.858868,307.000000,306.000000,307.000000
21.028705,20.231221,3.999684,199.796490,57.156457,1.960845,305.000000,303.000000,304.000000
21.042052,20.205721,4.009876,199.796490,53.944017,2.266777,301.000000,302.000000,301.000000
21.055421,20.129223,4.030260,199.745489,58.915650,2.164799,302.000000,301.000000,302.000000
21.068697,20.562716,3.999684,199.592489,54.096991,1.654914,302.000000,301.000000,302.000000
21.082050,20.486217,3.999684,199.592489,57.003483,1.552937,299.000000,300.000000,299.000000
21.095415,20.537216,4.020068,199.796490,55.703210,2.266777,301.000000,301.000000,301.000000
21.108729,20.664714,3.999684,199.592489,58.839163,1.960845,301.000000,301.000000,302.000000
21.122164,20.588215,4.014972,199.796490,55.856184,1.858868,305.000000,304.000000,305.000000
21.135373,20.690213,3.994588,199.643489,55.014830,1.858868,303.000000,303.000000,304.000000
21.148688,20.690213,4.014972,199.796490,55.779697,2.062822,301.000000,300.000000,301.000000
21.162032,20.919710,4.009876,199.847490,57.844837,2.062822,295.000000,305.000000,303.000000
21.175374,20.843211,4.025164,200.000490,55.703210,2.164799,302.000000,302.000000,303.000000
21.188760,20.894210,3.999684,199.898490,56.926997,1.756891,303.000000,304.000000,304.000000
21.202037,20.996208,4.014972,199.796490,55.091317,1.858868,300.000000,301.000000,301.000000
21.215385,20.996208,4.009876,199.847490,57.768350,2.470731,303.000000,301.000000,302.000000
21.228706,21.072707,4.004780,199.745489,56.697537,2.368754,309.000000,307.000000,309.000000
21.242057,21.098207,3.994588,199.694489,57.079970,1.450960,301.000000,301.000000,301.000000
21.255421,21.098207,4.014972,199.541489,56.697537,2.470731,305.000000,303.000000,305.000000
21.268717,21.480701,4.014972,199.694489,55.856184,1.756891,306.000000,303.000000,305.000000
21.282012,21.429701,4.025164,199.745489,56.621050,2.266777,302.000000,302.000000,303.000000
21.295362,21.557199,3.999684,199.541489,58.992136,-0.180672,300.000000,300.000000,301.000000
21.308694,21.812195,4.014972,199.388489,57.691863,0.227236,301.000000,299.000000,300.000000
21.322116,21.812195,4.014972,199.082488,57.079970,-0.180672,302.000000,302.000000,303.000000
21.335416,22.041691,3.994588,198.776488,57.079970,-0.282649,303.000000,303.000000,305.000000
21.348705,21.939693,4.035356,198.776488,58.686190,0.125259,303.000000,301.000000,305.000000
21.362040,21.965193,3.999684,198.419487,60.062950,-0.180672,300.000000,299.000000,302.000000
21.375403,22.092691,0.014659,198.470488,54.020504,-0.078695,293.000000,291.000000,295.000000
21.388783,22.092691,0.014659,198.419487,44.842105,0.023282,295.000000,293.000000,297.000000
21.402039,7.736425,0.029947,198.470488,44.842105,0.023282,295.000000,293.000000,297.000000
21.415384,7.863923,0.004468,198.164487,44.842105,0.023282,295.000000,293.000000,297.000000
21.428682,7.812924,0.014659,198.368487,44.842105,0.023282,295.000000,293.000000,297.000000
21.442026,-0.040948,0.029947,198.317487,44.765619,0.023282,295.000000,293.000000,297.000000
21.455404,-0.015448,0.014659,198.164487,44.842105,0.023282,295.000000,293.000000,297.000000
21.468675,0.086550,0.004468,197.756487,45.071565,-0.078695,295.000000,293.000000,297.000000
21.482028,0.061051,0.004468,197.450486,45.071565,0.125259,295.000000,293.000000,297.000000
21.495347,0.010051,0.004468,197.552486,44.689132,0.329213,295.000000,293.000000,297.000000
21.508711,-0.066447,0.029947,197.552486,44.765619,0.227236,295.000000,293.000000,297.000000
21.522103,-0.066447,0.024851,197.603486,44.842105,0.227236,295.000000,293.000000,297.000000
21.535368,0.010051,0.014659,197.348486,44.842105,0.023282,295.000000,293.000000,297.000000
21.548690,0.061051,0.004468,196.991485,44.995079,0.023282,295.000000,293.000000,297.000000
21.562050,-0.015448,0.014659,197.144486,44.842105,0.023282,295.000000,293.000000,297.000000
21.575366,0.086550,0.004468,196.889485,45.148052,-0.180672,295.000000,293.000000,297.000000
21.588765,0.086550,-0.000628,196.583485,45.071565,-0.180672,295.000000,293.000000,297.000000
21.602034,0.086550,0.004468,196.685485,44.995079,-0.180672,295.000000,293.000000,298.000000
21.615420,0.061051,0.004468,196.328484,45.071565,-0.180672,295.000000,293.000000,298.000000
21.628701,0.035551,0.014659,196.583485,44.918592,0.227236,295.000000,293.000000,297.000000
21.642083,0.010051,0.014659,196.430485,44.842105,-0.180672,295.000000,293.000000,297.000000
21.655424,0.010051,0.009564,196.379485,44.765619,0.227236,295.000000,293.000000,298.000000
21.668712,0.010051,0.009564,196.328484,44.995079,-0.282649,295.000000,293.000000,297.000000
21.682057,0.086550,-0.000628,196.073484,45.148052,-0.180672,295.000000,293.000000,297.000000
21.695393,-0.015448,0.019755,196.073484,44.918592,0.125259,295.000000,293.000000,298.000000
21.708765,-0.066447,0.024851,196.226484,44.842105,0.125259,295.000000,293.000000,297.000000
21.722120,0.035551,0.009564,195.971484,44.612645,0.227236,295.000000,293.000000,297.000000
21.735384,0.010051,0.014659,195.869484,44.918592,0.227236,295.000000,293.000000,297.000000
21.748680,0.061051,-0.005724,195.563483,45.148052,-0.282649,295.000000,293.000000,298.000000
21.762086,-0.040948,0.029947,195.767484,44.842105,-0.078695,295.000000,293.000000,297.000000
21.775418,0.010051,0.014659,195.716484,44.842105,0.125259,295.000000,293.000000,298.000000
21.788762,0.035551,0.009564,195.410483,44.918592,0.023282,295.000000,293.000000,298.000000
21.802082,-0.015448,0.019755,195.155483,44.918592,0.125259,295.000000,293.000000,298.000000
21.815369,0.010051,0.014659,195.257483,44.842105,-0.180672,295.000000,293.000000,298.000000
21.828705,0.010051,0.009564,195.002482,45.071565,-0.282649,295.000000,293.000000,297.000000
21.842072,-0.015448,0.019755,195.002482,44.689132,0.329213,295.000000,293.000000,297.000000
21.855406,0.086550,0.004468,194.492482,44.995079,-0.180672,295.000000,293.000000,297.000000
21.868713,0.035551,0.009564,194.594482,45.071565,-0.180672,295.000000,293.000000,297.000000
21.882038,0.010051,0.009564,194.339482,44.918592,-0.180672,295.000000,293.000000,297.000000
21.895376,-0.066447,0.024851,194.237481,44.765619,0.329213,295.000000,293.000000,297.000000
21.908691,-0.040948,0.024851,194.084481,44.689132,0.329213,295.000000,293.000000,297.000000
21.922092,0.035551,0.019755,193.880481,44.918592,0.023282,295.000000,293.000000,297.000000
21.935399,0.035551,0.014659,193.829481,44.842105,-0.282649,295.000000,293.000000,297.000000
21.948702,0.010051,0.014659,193.676481,44.689132,0.227236,295.000000,293.000000,297.000000
21.962039,-0.015448,0.014659,193.472480,44.842105,-0.180672,295.000000,293.000000,297.000000
21.975372,-0.040948,0.029947,193.472480,44.689132,-0.078695,295.000000,293.000000,297.000000
21.988775,0.010051,0.014659,193.217480,44.765619,0.227236,295.000000,293.000000,297.000000
22.002084,0.010051,0.009564,193.115480,44.842105,0.125259,295.000000,293.000000,297.000000
22.015412,0.061051,-0.005724,192.758479,44.995079,0.125259,295.000000,293.000000,297.000000
22.028687,0.086550,0.004468,192.707479,44.842105,0.125259,295.000000,293.000000,297.000000
22.042058,0.061051,0.004468,192.707479,45.148052,-0.180672,295.000000,293.000000,297.000000
22.055445,-0.040948,0.029947,192.656479,44.842105,0.125259,295.000000,293.000000,297.000000
22.068689,0.061051,0.009564,192.452479,44.689132,0.329213,295.000000,293.000000,297.000000
22.082082,0.010051,0.009564,192.146478,44.842105,0.023282,295.000000,293.000000,297.000000
22.095358,0.010051,0.014659,192.146478,44.918592,0.329213,295.000000,293.000000,298.000000
22.108727,0.061051,0.004468,191.891478,44.842105,0.125259,295.000000,293.000000,298.000000
22.122095,0.010051,0.019755,191.840478,44.918592,0.125259,295.000000,293.000000,298.000000
22.135358,0.035551,0.019755,191.636478,44.842105,-0.282649,295.000000,293.000000,298.000000
22.148728,-0.015448,0.014659,191.687478,44.918592,0.227236,295.000000,293.000000,298.000000
22.162025,0.061051,-0.000628,191.330477,44.918592,0.227236,295.000000,293.000000,298.000000
22.175371,0.010051,0.014659,191.432477,44.842105,0.023282,295.000000,293.000000,298.000000
22.188774,-0.015448,0.019755,191.126477,44.765619,0.227236,295.000000,293.000000,298.000000
22.202111,0.010051,0.019755,191.024477,44.918592,0.125259,295.000000,293.000000,298.000000
22.215417,0.035551,0.014659,190.820476,44.918592,-0.180672,295.000000,293.000000,298.000000
22.228779,-0.015448,0.014659,190.718476,44.995079,-0.180672,295.000000,293.000000,298.000000
22.242091,0.061051,-0.000628,190.514476,45.071565,0.023282,295.000000,293.000000,298.000000
22.255481,0.086550,0.009564,190.259476,44.918592,0.023282,295.000000,293.000000,298.000000
22.268749,0.035551,0.004468,190.208475,45.071565,-0.180672,295.000000,293.000000,298.000000
22.282092,0.010051,0.014659,190.157475,44.918592,0.329213,295.000000,293.000000,298.000000
22.295462,-0.015448,0.024851,190.208475,44.689132,0.023282,295.000000,293.000000,298.000000
22.308765,-0.066447,0.024851,189.953475,44.689132,0.227236,295.000000,293.000000,298.000000
22.322173,0.035551,0.009564,189.851475,44.995079,-0.180672,295.000000,293.000000,298.000000
22.335407,0.010051,0.014659,189.647475,44.689132,0.227236,295.000000,293.000000,298.000000
22.348784,-0.040948,0.029947,189.647475,44.765619,0.023282,295.000000,293.000000,298.000000
22.362075,-0.066447,0.029947,189.647475,44.612645,0.125259,295.000000,293.000000,298.000000
22.375426,0.010051,0.014659,189.341474,44.842105,-0.180672,295.000000,293.000000,298.000000
22.388825,0.035551,0.004468,189.035474,45.148052,0.125259,295.000000,293.000000,298.000000
22.402091,0.061051,-0.000628,188.933474,45.148052,-0.180672,295.000000,293.000000,298.000000
22.415443,-0.066447,0.029947,188.984474,44.765619,0.023282,295.000000,293.000000,298.000000
22.428762,-0.015448,0.004468,188.831473,45.071565,-0.180672,295.000000,293.000000,298.000000
22.442117,0.061051,0.019755,188.576473,44.918592,0.023282,295.000000,293.000000,298.000000
22.455509,-0.040948,0.029947,188.678473,44.612645,0.227236,295.000000,293.000000,298.000000
22.468754,0.035551,0.009564,188.372473,44.842105,0.227236,295.000000,293.000000,298.000000
22.482116,-0.015448,0.009564,188.372473,44.842105,-0.180672,295.000000,293.000000,298.000000
22.495409,-0.015448,0.004468,188.168473,45.071565,-0.180672,295.000000,293.000000,298.000000
22.508768,0.035551,0.014659,188.066472,44.689132,0.227236,295.000000,293.000000,298.000000
22.522163,0.086550,-0.000628,187.862472,45.148052,-0.282649,295.000000,293.000000,298.000000
22.535441,0.086550,-0.000628,187.760472,45.148052,-0.180672,295.000000,293.000000,298.000000
22.548756,-0.066447,0.024851,187.760472,44.689132,0.227236,295.000000,293.000000,298.000000
22.562129,0.010051,0.009564,187.607472,44.918592,0.023282,295.000000,293.000000,298.000000
22.575481,0.010051,0.019755,187.301471,44.918592,0.227236,295.000000,293.000000,298.000000
22.588824,-0.040948,0.019755,187.403471,44.995079,-0.078695,295.000000,293.000000,298.000000
22.602127,-0.015448,0.009564,187.199471,44.842105,0.023282,295.000000,293.000000,298.000000
22.615453,-0.066447,0.009564,187.250471,44.842105,0.023282,295.000000,293.000000,298.000000
22.628788,0.035551,0.019755,186.842471,44.918592,0.125259,295.000000,293.000000,298.000000
22.642107,0.035551,0.029947,186.944471,44.689132,0.227236,295.000000,293.000000,298.000000
22.655542,-0.066447,0.029947,186.842471,44.765619,0.227236,295.000000,293.000000,298.000000
22.668835,-0.066447,0.024851,186.893471,44.765619,0.329213,295.000000,293.000000,298.000000
22.682114,-0.015448,0.019755,186.587470,44.918592,0.125259,295.000000,293.000000,298.000000
22.695458,0.010051,0.009564,186.536470,44.918592,0.227236,295.000000,293.000000,298.000000
22.708781,0.035551,0.009564,186.434470,44.918592,0.125259,295.000000,293.000000,298.000000
22.722492,-0.040948,0.029947,186.485470,44.765619,0.023282,295.000000,293.000000,298.000000
22.735618,0.010051,0.014659,186.179470,44.842105,0.023282,295.000000,293.000000,298.000000
22.748817,0.010051,0.004468,186.128470,44.918592,0.329213,295.000000,293.000000,298.000000
22.762112,0.061051,-0.000628,185.975469,45.071565,-0.282649,295.000000,293.000000,298.000000
22.775448,0.061051,0.004468,185.720469,45.071565,0.023282,295.000000,293.000000,298.000000
22.788949,0.035551,0.014659,185.873469,44.842105,0.227236,295.000000,293.000000,298.000000
22.802115,0.035551,0.009564,185.720469,44.689132,0.227236,295.000000,293.000000,298.000000
22.815635,-0.015448,0.009564,185.516469,44.918592,0.125259,295.000000,293.000000,298.000000
22.828773,0.010051,0.014659,185.465469,44.842105,0.023282,295.000000,293.000000,298.000000
22.842089,-0.015448,0.014659,185.567469,44.918592,0.125259,295.000000,293.000000,298.000000
22.855494,-0.015448,0.009564,185.465469,44.842105,0.023282,295.000000,293.000000,298.000000
22.868774,0.010051,0.014659,185.363468,44.842105,0.227236,295.000000,293.000000,298.000000
22.882200,-0.066447,0.024851,185.363468,44.765619,0.329213,295.000000,293.000000,298.000000
22.895503,-0.066447,0.019755,185.261468,44.842105,0.125259,295.000000,293.000000,298.000000
22.908969,0.010051,0.014659,184.955468,44.842105,0.227236,295.000000,293.000000,298.000000
22.922320,-0.066447,0.019755,185.108468,44.842105,0.023282,295.000000,293.000000,298.000000
22.935509,0.010051,0.029947,184.955468,44.689132,0.227236,295.000000,293.000000,298.000000
22.948776,0.035551,-0.005724,184.649467,45.148052,-0.180672,295.000000,293.000000,298.000000
22.962318,0.010051,0.019755,184.649467,44.918592,0.023282,295.000000,293.000000,298.000000
22.975442,-0.066447,0.024851,184.700467,44.765619,0.431190,295.000000,293.000000,298.000000
22.988834,-0.066447,0.024851,184.700467,44.689132,0.023282,295.000000,293.000000,298.000000
23.002319,-0.066447,0.029947,184.598467,44.765619,0.023282,295.000000,293.000000,298.000000
23.015449,0.010051,0.014659,184.547467,44.995079,-0.180672,295.000000,293.000000,298.000000
23.028760,0.010051,0.019755,184.292467,44.918592,0.023282,295.000000,293.000000,298.000000
23.042289,-0.015448,0.009564,184.241467,44.918592,0.023282,295.000000,293.000000,298.000000
23.055506,0.010051,-0.000628,184.139467,45.148052,-0.282649,295.000000,293.000000,298.000000
23.068784,0.010051,0.014659,184.088467,44.918592,0.329213,295.000000,293.000000,298.000000
23.082117,0.035551,0.019755,184.037466,44.765619,0.227236,295.000000,293.000000,298.000000
23.095440,0.035551,0.009564,183.935466,44.842105,-0.282649,295.000000,293.000000,298.000000
23.108781,0.035551,0.009564,183.884466,44.842105,0.023282,295.000000,293.000000,298.000000
23.122340,0.010051,0.014659,183.833466,44.918592,0.023282,295.000000,293.000000,298.000000
23.135641,0.010051,0.009564,183.731466,44.918592,0.227236,295.000000,293.000000,298.000000
23.148943,0.086550,0.004468,183.527466,45.071565,-0.180672,295.000000,293.000000,298.000000
23.162219,0.035551,-0.000628,183.578466,45.071565,-0.180672,295.000000,293.000000,298.000000
23.175457,-0.066447,0.029947,183.629466,44.765619,0.023282,295.000000,293.000000,298.000000
23.188823,-0.066447,0.029947,183.629466,44.842105,0.125259,295.000000,293.000000,298.000000
23.202140,0.061051,0.004468,183.425466,45.071565,-0.180672,295.000000,293.000000,298.000000
23.215488,-0.015448,0.014659,183.323465,44.918592,0.125259,295.000000,293.000000,298.000000
23.228874,-0.040948,0.009564,183.374465,44.842105,0.125259,296.000000,293.000000,298.000000
23.242377,0.061051,0.014659,183.017465,44.995079,0.125259,296.000000,293.000000,298.000000
23.255541,0.010051,0.014659,183.119465,45.071565,-0.180672,295.000000,293.000000,298.000000
23.268898,-0.015448,0.024851,183.068465,44.689132,0.431190,295.000000,293.000000,298.000000
23.282385,-0.066447,0.024851,183.272465,44.689132,0.227236,295.000000,293.000000,298.000000
23.295533,0.086550,0.004468,182.813465,45.071565,0.023282,295.000000,293.000000,298.000000
23.308851,0.061051,0.014659,182.762465,44.918592,0.023282,295.000000,293.000000,298.000000
23.322468,0.010051,0.014659,182.864465,44.842105,0.023282,295.000000,293.000000,298.000000
23.335451,0.061051,0.014659,182.609464,44.918592,0.023282,295.000000,293.000000,298.000000
23.348819,-0.066447,0.019755,182.711465,44.918592,0.023282,295.000000,293.000000,298.000000
23.362267,-0.066447,0.024851,182.762465,44.842105,0.329213,295.000000,293.000000,298.000000
23.375633,0.010051,0.004468,182.609464,45.071565,-0.282649,295.000000,293.000000,298.000000
23.388997,0.010051,0.019755,182.303464,44.842105,0.125259,295.000000,293.000000,298.000000
23.402184,0.010051,0.014659,182.405464,44.918592,0.125259,295.000000,293.000000,298.000000
23.415465,0.035551,-0.000628,182.201464,44.995079,0.125259,295.000000,293.000000,298.000000
23.428771,-0.040948,0.024851,182.456464,44.689132,0.023282,295.000000,293.000000,298.000000
23.442090,0.035551,0.019755,182.201464,44.689132,0.227236,295.000000,293.000000,298.000000
23.455578,0.010051,0.014659,182.252464,44.918592,0.125259,295.000000,293.000000,298.000000
23.468797,-0.040948,0.024851,182.252464,44.689132,0.125259,296.000000,293.000000,298.000000
23.482163,0.035551,0.019755,182.048464,44.842105,0.125259,295.000000,293.000000,298.000000
23.495502,0.010051,0.024851,182.048464,44.689132,0.227236,295.000000,293.000000,298.000000
23.508942,-0.040948,0.019755,181.997463,44.459672,0.227236,295.000000,293.000000,298.000000
23.522187,0.061051,-0.000628,181.742463,45.071565,-0.282649,295.000000,293.000000,298.000000
23.535541,-0.040948,0.014659,181.844463,44.842105,0.023282,295.000000,293.000000,298.000000
23.548761,0.035551,0.014659,181.589463,44.918592,0.023282,295.000000,293.000000,298.000000
23.562167,0.061051,-0.000628,181.538463,45.071565,-0.180672,295.000000,293.000000,298.000000
23.575558,0.010051,0.014659,181.589463,44.842105,0.125259,295.000000,293.000000,298.000000
23.588871,0.035551,0.029947,181.487463,44.689132,0.329213,295.000000,293.000000,298.000000
23.602160,0.035551,0.009564,181.487463,44.995079,-0.180672,295.000000,293.000000,298.000000
23.615464,-0.015448,0.019755,181.334463,44.995079,-0.180672,296.000000,293.000000,298.000000
23.628781,0.061051,0.004468,181.232462,44.918592,0.023282,295.000000,293.000000,298.000000
23.642155,0.010051,0.004468,181.232462,44.842105,0.125259,296.000000,293.000000,298.000000
23.655682,0.010051,0.019755,181.181462,44.765619,0.227236,296.000000,293.000000,298.000000
23.668778,-0.015448,0.009564,181.028462,44.842105,-0.180672,295.000000,293.000000,298.000000
23.682125,0.035551,0.019755,181.028462,44.918592,-0.282649,295.000000,293.000000,298.000000
23.695552,0.061051,0.014659,180.926462,44.918592,0.023282,296.000000,293.000000,298.000000
23.708793,0.061051,-0.000628,180.671462,44.842105,0.023282,295.000000,293.000000,298.000000
23.722176,0.086550,0.004468,180.722462,44.842105,0.023282,295.000000,293.000000,298.000000
23.735466,0.010051,0.009564,180.773462,44.842105,-0.180672,295.000000,293.000000,298.000000
23.749081,0.010051,0.014659,180.671462,45.071565,-0.180672,295.000000,293.000000,298.000000
23.762119,0.010051,0.009564,180.569461,44.842105,0.227236,295.000000,293.000000,298.000000
23.775456,0.061051,0.009564,180.365461,44.995079,0.023282,296.000000,293.000000,298.000000
23.788988,0.010051,0.014659,180.518461,44.689132,0.329213,296.000000,293.000000,298.000000
23.802125,0.061051,-0.000628,180.365461,44.842105,0.023282,295.000000,293.000000,298.000000
23.815595,-0.015448,0.014659,180.314461,44.918592,-0.180672,295.000000,293.000000,298.000000
23.828802,0.010051,0.009564,180.212461,44.842105,-0.078695,296.000000,293.000000,298.000000
23.842116,-0.015448,0.009564,180.263461,44.842105,0.125259,295.000000,293.000000,298.000000
23.855507,0.010051,-0.000628,180.161461,44.995079,-0.180672,295.000000,293.000000,298.000000
23.868839,-0.066447,0.029947,180.212461,44.765619,0.227236,296.000000,293.000000,298.000000
23.882126,0.061051,0.009564,179.906460,44.918592,0.125259,296.000000,293.000000,298.000000
23.895438,-0.015448,0.009564,180.059461,44.842105,0.023282,295.000000,293.000000,298.000000
23.909073,-0.066447,0.029947,179.906460,44.842105,0.125259,295.000000,293.000000,298.000000
23.922355,0.010051,0.014659,179.804460,45.224539,-0.180672,295.000000,293.000000,298.000000
23.935474,-0.040948,0.029947,179.855460,43.847779,0.023282,295.000000,293.000000,298.000000
23.948797,-0.015448,0.024851,179.651460,44.612645,0.329213,295.000000,293.000000,298.000000
23.962196,0.086550,0.009564,179.549460,44.842105,-0.078695,295.000000,293.000000,298.000000
23.975515,0.061051,-0.005724,179.498460,44.077239,-0.180672,295.000000,293.000000,298.000000
23.988868,0.086550,-0.005724,179.345460,45.071565,-0.282649,295.000000,293.000000,298.000000
24.002112,0.010051,0.004468,179.345460,44.995079,-0.384626,295.000000,293.000000,298.000000
24.015522,-0.015448,0.019755,179.396460,45.148052,0.023282,295.000000,293.000000,298.000000
24.028761,0.010051,0.024851,179.243459,44.842105,0.023282,295.000000,293.000000,298.000000
24.042194,-0.066447,0.024851,179.243459,44.842105,0.329213,295.000000,293.000000,298.000000
24.055776,-0.015448,0.014659,179.090459,43.924266,0.023282,295.000000,293.000000,298.000000
24.068925,0.010051,0.029947,178.988459,44.689132,0.329213,295.000000,293.000000,298.000000
24.082134,-0.066447,0.029947,179.192459,44.765619,0.023282,295.000000,293.000000,298.000000
24.095708,0.035551,-0.000628,178.682459,44.077239,-0.078695,295.000000,293.000000,298.000000
24.108799,-0.066447,0.014659,178.886459,43.924266,0.125259,295.000000,293.000000,298.000000
24.122216,0.061051,-0.005724,178.631459,45.071565,-0.078695,296.000000,293.000000,298.000000
24.135779,0.035551,0.019755,178.478458,44.918592,0.125259,296.000000,293.000000,298.000000
24.148824,0.010051,0.024851,178.631459,44.689132,0.227236,296.000000,293.000000,298.000000
24.162152,-0.066447,0.029947,178.682459,44.765619,0.329213,296.000000,293.000000,298.000000
24.175455,0.035551,0.004468,178.325458,45.148052,-0.078695,296.000000,293.000000,298.000000
24.188828,-0.015448,0.009564,178.478458,43.847779,0.125259,296.000000,293.000000,298.000000
24.202287,0.010051,0.014659,178.376458,44.995079,-0.282649,296.000000,293.000000,298.000000
24.215529,0.010051,0.014659,178.325458,43.847779,0.023282,296.000000,293.000000,298.000000
24.228926,0.061051,0.004468,177.968458,44.153726,0.023282,296.000000,293.000000,298.000000
24.242406,-0.066447,0.029947,178.274458,44.765619,0.227236,296.000000,293.000000,298.000000
24.255505,-0.066447,0.024851,178.172458,44.765619,0.125259,296.000000,293.000000,298.000000
24.268849,0.010051,0.019755,177.866457,44.842105,-0.180672,296.000000,293.000000,298.000000
24.282125,-0.040948,0.024851,177.968458,44.765619,0.227236,296.000000,293.000000,298.000000
24.295527,0.035551,0.009564,177.815457,44.842105,0.023282,296.000000,293.000000,298.000000
24.308772,-0.066447,0.024851,177.815457,44.765619,0.023282,296.000000,293.000000,298.000000
24.322218,0.061051,-0.000628,177.560457,43.771292,0.023282,295.000000,293.000000,298.000000
24.335510,-0.040948,0.029947,177.611457,44.765619,0.227236,296.000000,293.000000,298.000000
24.348757,0.010051,0.014659,177.509457,44.842105,0.023282,296.000000,293.000000,298.000000
24.362151,-0.040948,0.024851,177.611457,44.918592,0.023282,296.000000,293.000000,298.000000
24.375475,0.010051,0.019755,177.254457,43.924266,0.329213,296.000000,293.000000,298.000000
24.388883,0.010051,0.019755,177.356457,44.765619,-0.078695,295.000000,293.000000,298.000000
24.402140,0.010051,0.014659,177.254457,44.995079,-0.180672,296.000000,293.000000,298.000000
24.415453,-0.040948,0.009564,177.254457,43.924266,0.023282,295.000000,293.000000,298.000000
24.428809,0.086550,-0.000628,176.897456,43.847779,-0.078695,295.000000,293.000000,298.000000
24.442124,0.035551,0.014659,177.050456,44.842105,-0.282649,295.000000,293.000000,298.000000
24.455598,-0.066447,0.029947,177.050456,44.765619,0.227236,296.000000,293.000000,298.000000
24.468832,-0.015448,0.009564,176.795456,43.847779,-0.180672,296.000000,293.000000,298.000000
24.482129,-0.066447,0.029947,176.846456,43.618319,0.125259,295.000000,293.000000,298.000000
24.495687,0.086550,-0.000628,176.591456,44.000752,-0.078695,296.000000,293.000000,298.000000
24.508824,-0.040948,0.029947,176.693456,44.842105,0.023282,296.000000,293.000000,298.000000
24.522262,0.061051,0.004468,176.438455,44.918592,0.023282,296.000000,293.000000,298.000000
24.535472,0.010051,0.009564,176.387455,44.918592,0.125259,296.000000,293.000000,298.000000
24.548784,-0.040948,0.029947,176.438455,44.689132,0.329213,296.000000,293.000000,298.000000
24.562212,-0.040948,0.014659,176.183455,43.847779,0.023282,296.000000,293.000000,298.000000
24.575456,-0.015448,0.014659,176.285455,45.071565,-0.180672,296.000000,293.000000,298.000000
24.588895,0.035551,0.024851,176.234455,43.694806,0.329213,296.000000,293.000000,298.000000
24.602130,0.010051,0.014659,176.234455,44.842105,0.125259,296.000000,293.000000,298.000000
24.615455,0.086550,-0.000628,176.030455,44.765619,0.023282,296.000000,293.000000,298.000000
24.628819,0.061051,0.004468,175.928455,43.847779,0.125259,296.000000,293.000000,298.000000
24.642191,-0.066447,0.024851,176.081455,44.765619,0.329213,296.000000,293.000000,298.000000
24.655523,0.010051,0.014659,175.928455,44.765619,0.023282,296.000000,293.000000,298.000000
24.668838,-0.015448,0.019755,175.826454,44.918592,0.125259,295.000000,293.000000,298.000000
24.682177,0.035551,0.019755,175.571454,44.995079,0.125259,295.000000,293.000000,298.000000
24.695493,0.061051,0.004468,175.469454,43.924266,0.023282,295.000000,293.000000,298.000000
24.708794,0.010051,0.014659,175.571454,43.924266,-0.180672,295.000000,293.000000,298.000000
24.722297,-0.015448,0.014659,175.520454,45.148052,-0.078695,295.000000,293.000000,298.000000
24.735458,0.035551,0.009564,175.418454,44.000752,-0.282649,295.000000,293.000000,298.000000
24.748887,0.086550,-0.000628,175.214454,43.847779,0.023282,295.000000,293.000000,298.000000
24.762237,0.010051,0.014659,175.418454,43.847779,0.023282,295.000000,293.000000,298.000000
24.775543,0.061051,-0.000628,175.061453,44.000752,0.227236,295.000000,293.000000,298.000000
24.788872,-0.066447,0.024851,175.214454,44.689132,0.023282,295.000000,293.000000,298.000000
24.802157,0.061051,0.014659,174.908453,43.847779,-0.078695,296.000000,293.000000,298.000000
24.815534,0.010051,0.004468,175.061453,44.842105,-0.180672,296.000000,293.000000,298.000000
24.828958,0.010051,0.014659,174.806453,43.924266,0.023282,296.000000,293.000000,298.000000
24.842234,0.061051,-0.005724,174.857453,43.924266,-0.078695,296.000000,293.000000,298.000000
24.855713,-0.066447,0.024851,174.959453,43.694806,0.023282,296.000000,293.000000,298.000000
24.868797,-0.066447,0.019755,174.908453,43.771292,0.125259,296.000000,293.000000,298.000000
24.882073,-0.015448,0.004468,174.602453,45.148052,-0.180672,296.000000,293.000000,298.000000
24.895700,0.086550,-0.005724,174.551453,43.771292,0.023282,296.000000,293.000000,298.000000
24.908774,-0.015448,0.019755,174.449452,44.077239,-0.180672,296.000000,293.000000,298.000000
24.922325,0.010051,0.014659,174.449452,44.995079,0.125259,296.000000,293.000000,298.000000
24.935476,-0.066447,0.024851,174.449452,43.694806,0.125259,296.000000,293.000000,298.000000
24.948765,0.086550,0.004468,174.143452,44.077239,0.023282,296.000000,293.000000,298.000000
24.962216,0.010051,0.009564,174.245452,43.694806,0.227236,296.000000,293.000000,298.000000
24.975452,0.010051,0.019755,174.092452,44.842105,0.329213,295.000000,293.000000,298.000000
24.988807,-0.040948,0.014659,174.245452,43.847779,0.023282,295.000000,293.000000,298.000000
25.002207,-0.015448,0.004468,174.041452,44.000752,-0.180672,295.000000,293.000000,298.000000
25.015394,0.010051,0.014659,173.888452,44.918592,0.125259,296.000000,293.000000,298.000000
25.028780,-0.066447,0.024851,173.939452,43.924266,0.023282,295.000000,293.000000,298.000000
25.042088,0.035551,0.004468,173.684451,44.153726,-0.180672,296.000000,293.000000,298.000000
25.055611,0.086550,0.004468,173.684451,44.000752,0.125259,295.000000,293.000000,298.000000
25.068943,0.035551,0.014659,173.633451,43.924266,0.125259,296.000000,293.000000,298.000000
25.082275,0.061051,0.004468,173.480451,44.077239,-0.180672,296.000000,293.000000,298.000000
25.095509,0.010051,-0.000628,173.480451,44.077239,-0.078695,296.000000,293.000000,298.000000
25.109051,0.035551,0.019755,173.327451,43.694806,0.227236,296.000000,293.000000,298.000000
25.122318,0.010051,0.009564,173.327451,44.689132,0.227236,296.000000,293.000000,298.000000
25.135540,-0.015448,0.019755,173.072450,43.924266,0.125259,295.000000,293.000000,298.000000
25.148794,0.061051,-0.000628,173.021450,43.771292,0.125259,296.000000,293.000000,298.000000
25.162229,-0.015448,0.019755,172.970450,43.924266,0.125259,295.000000,293.000000,298.000000
25.175557,0.061051,-0.000628,172.817450,44.077239,0.023282,295.000000,293.000000,298.000000
25.188863,0.010051,0.014659,172.664450,44.000752,0.125259,295.000000,293.000000,298.000000
25.202108,0.010051,0.014659,172.715450,44.995079,0.023282,295.000000,293.000000,298.000000
25.215591,-0.066447,0.019755,172.715450,43.618319,0.227236,295.000000,293.000000,298.000000
25.228741,-0.015448,0.014659,172.613450,43.771292,0.329213,295.000000,293.000000,298.000000
25.242115,0.061051,0.004468,172.460450,44.000752,-0.180672,296.000000,293.000000,298.000000
25.255487,0.061051,-0.000628,172.205449,44.077239,-0.180672,295.000000,293.000000,298.000000
25.268770,0.035551,0.014659,172.358449,44.077239,-0.180672,295.000000,293.000000,298.000000
25.282419,-0.040948,0.024851,172.205449,43.618319,0.329213,295.000000,293.000000,298.000000
25.295498,-0.040948,0.004468,172.256449,43.847779,0.125259,295.000000,293.000000,298.000000
25.308764,0.010051,0.014659,172.103449,44.077239,-0.282649,295.000000,293.000000,298.000000
25.322180,0.086550,-0.000628,171.899449,44.000752,-0.282649,296.000000,293.000000,298.000000
25.335445,0.010051,0.004468,172.001449,43.847779,0.227236,296.000000,293.000000,298.000000
25.348905,0.086550,-0.000628,171.746448,43.771292,0.023282,296.000000,293.000000,298.000000
25.362145,0.010051,0.009564,171.644448,43.924266,0.125259,296.000000,293.000000,298.000000
25.375442,0.086550,0.004468,171.644448,44.077239,0.125259,296.000000,293.000000,298.000000
25.388901,-0.066447,0.024851,171.848449,43.694806,0.023282,296.000000,293.000000,298.000000
25.402139,-0.066447,0.024851,171.644448,44.918592,0.125259,296.000000,293.000000,298.000000
25.415434,-0.040948,0.019755,171.695448,43.771292,0.125259,296.000000,293.000000,298.000000
25.428906,-0.040948,0.024851,171.542448,43.771292,0.227236,295.000000,293.000000,298.000000
25.442116,0.010051,0.024851,171.338448,43.924266,0.023282,295.000000,293.000000,298.000000
25.455525,0.010051,0.014659,171.440448,44.000752,-0.180672,296.000000,293.000000,298.000000
25.468787,0.010051,0.019755,171.236448,44.842105,0.125259,295.000000,293.000000,298.000000
25.482094,0.035551,0.009564,171.236448,43.847779,0.023282,296.000000,293.000000,298.000000
25.495496,0.061051,-0.000628,171.032447,44.077239,-0.180672,296.000000,293.000000,298.000000
25.508859,-0.015448,0.014659,171.032447,44.077239,-0.180672,296.000000,293.000000,298.000000
25.522142,-0.040948,0.024851,170.930447,43.694806,0.227236,296.000000,293.000000,298.000000
25.535562,-0.066447,0.029947,170.777447,43.694806,0.227236,296.000000,293.000000,298.000000
25.548866,0.035551,-0.005724,170.675447,43.847779,-0.180672,296.000000,293.000000,298.000000
25.562106,0.010051,0.009564,170.675447,43.847779,0.023282,296.000000,293.000000,298.000000
25.575555,0.035551,0.014659,170.522447,43.924266,0.125259,296.000000,293.000000,298.000000
25.588848,0.010051,0.024851,170.522447,43.618319,0.329213,296.000000,293.000000,298.000000
25.602112,0.061051,-0.000628,170.267446,44.000752,-0.180672,296.000000,293.000000,298.000000
25.615422,0.010051,0.014659,170.420447,43.847779,0.125259,296.000000,293.000000,298.000000
25.628756,0.010051,0.014659,170.369446,43.694806,0.329213,296.000000,293.000000,298.000000
25.642090,-0.015448,0.024851,170.267446,43.618319,0.125259,296.000000,293.000000,298.000000
25.655648,0.010051,0.014659,170.063446,43.924266,0.023282,296.000000,293.000000,298.000000
25.668946,0.010051,0.004468,170.012446,43.847779,0.125259,296.000000,293.000000,298.000000
25.682105,0.061051,0.004468,170.063446,44.230212,-0.078695,296.000000,293.000000,298.000000
25.695465,-0.040948,0.024851,170.063446,43.771292,0.329213,295.000000,293.000000,298.000000
25.708807,0.035551,0.019755,169.808446,43.694806,0.023282,296.000000,293.000000,298.000000
25.722211,0.061051,0.004468,169.706446,43.847779,0.125259,296.000000,293.000000,298.000000
25.735473,0.010051,0.019755,169.655445,44.153726,-0.180672,296.000000,293.000000,298.000000
25.748977,0.010051,0.009564,169.604445,43.847779,0.431190,295.000000,293.000000,298.000000
25.762120,0.010051,0.014659,169.655445,43.924266,0.227236,296.000000,293.000000,298.000000
25.775441,0.061051,0.004468,169.400445,43.924266,0.125259,296.000000,293.000000,298.000000
25.788837,0.010051,0.014659,169.604445,43.847779,0.329213,296.000000,293.000000,298.000000
25.802124,0.061051,-0.000628,169.298445,43.924266,0.023282,296.000000,293.000000,298.000000
25.815498,-0.015448,0.004468,169.502445,43.847779,0.023282,296.000000,293.000000,298.000000
25.828775,0.010051,0.019755,169.349445,43.618319,0.329213,296.000000,293.000000,298.000000
25.842136,0.061051,0.004468,169.043445,44.077239,-0.078695,296.000000,293.000000,298.000000
25.855505,0.086550,-0.005724,168.992444,44.000752,-0.282649,296.000000,293.000000,298.000000
25.868762,0.035551,0.004468,168.890444,43.924266,-0.180672,296.000000,293.000000,298.000000
25.882260,0.035551,0.009564,168.992444,43.771292,0.227236,296.000000,293.000000,298.000000
25.895453,-0.066447,0.024851,168.890444,43.618319,0.227236,296.000000,293.000000,298.000000
25.908820,-0.040948,0.024851,168.992444,43.618319,0.227236,296.000000,293.000000,298.000000
25.922200,0.010051,0.009564,168.839444,43.618319,0.227236,296.000000,293.000000,298.000000
25.935530,-0.066447,0.029947,168.788444,44.000752,0.125259,296.000000,293.000000,298.000000
25.948802,0.112050,-0.005724,168.482444,44.000752,0.023282,296.000000,293.000000,298.000000
25.962128,0.035551,0.014659,168.635444,43.924266,0.023282,296.000000,293.000000,298.000000
25.975421,0.086550,0.004468,168.482444,44.077239,0.125259,296.000000,293.000000,298.000000
25.988842,-0.066447,0.024851,168.635444,43.694806,0.329213,296.000000,293.000000,298.000000
26.002193,0.010051,0.014659,168.482444,45.071565,-0.180672,296.000000,293.000000,298.000000
26.015531,0.010051,0.009564,168.380444,43.847779,0.023282,296.000000,293.000000,298.000000
26.028831,-0.040948,0.024851,168.533444,44.689132,0.227236,296.000000,293.000000,298.000000
26.042131,-0.040948,0.024851,168.431444,43.847779,0.023282,296.000000,293.000000,298.000000
26.055658,-0.015448,0.014659,168.380444,43.847779,0.329213,296.000000,293.000000,298.000000
26.068792,0.086550,0.004468,168.227443,43.924266,0.023282,296.000000,293.000000,298.000000
26.082194,-0.015448,0.019755,168.329443,43.924266,-0.180672,296.000000,293.000000,298.000000
26.095429,-0.015448,0.029947,168.176443,43.847779,0.227236,296.000000,293.000000,298.000000
26.108901,0.010051,0.014659,168.176443,43.847779,0.329213,296.000000,293.000000,298.000000
26.122208,0.010051,0.019755,168.176443,43.847779,0.023282,296.000000,293.000000,298.000000
26.135463,-0.040948,0.029947,168.074443,43.618319,0.227236,296.000000,293.000000,298.000000
26.148749,-0.066447,0.024851,168.125443,43.924266,0.125259,296.000000,293.000000,298.000000
26.162136,-0.066447,0.029947,168.176443,43.694806,0.329213,296.000000,293.000000,298.000000
26.175429,0.010051,0.014659,167.870443,43.924266,-0.078695,296.000000,293.000000,298.000000
26.188840,0.010051,0.024851,167.768443,43.771292,0.329213,296.000000,293.000000,298.000000
26.202272,0.061051,0.004468,167.717443,44.000752,0.023282,296.000000,293.000000,298.000000
26.215456,-0.015448,0.024851,167.972443,43.618319,0.023282,296.000000,293.000000,298.000000
26.228835,0.010051,0.024851,167.564442,43.618319,0.227236,296.000000,293.000000,298.000000
26.242209,-0.015448,0.009564,167.564442,44.230212,-0.078695,296.000000,293.000000,298.000000
26.255569,-0.015448,0.014659,167.666443,43.847779,0.227236,296.000000,293.000000,298.000000
26.268839,0.010051,0.009564,167.564442,44.000752,0.023282,296.000000,293.000000,298.000000
26.282166,-0.040948,0.024851,167.564442,43.618319,0.227236,296.000000,293.000000,298.000000
26.295481,-0.015448,0.014659,167.360442,43.771292,0.431190,296.000000,293.000000,298.000000
26.308795,0.010051,0.019755,167.309442,43.924266,0.125259,296.000000,293.000000,298.000000
26.322173,0.010051,0.014659,167.258442,43.771292,0.227236,296.000000,293.000000,298.000000
26.335659,0.010051,0.004468,167.156442,43.771292,0.023282,296.000000,293.000000,298.000000
26.348972,0.035551,0.019755,167.003442,43.771292,0.023282,296.000000,293.000000,298.000000
26.362140,0.086550,-0.000628,166.901441,44.000752,-0.180672,296.000000,293.000000,298.000000
26.375516,0.010051,0.029947,166.697441,43.771292,0.227236,296.000000,293.000000,298.000000
26.388892,0.035551,0.014659,166.493441,44.077239,-0.180672,296.000000,293.000000,298.000000
26.402355,0.010051,0.009564,166.391441,43.847779,0.227236,296.000000,293.000000,298.000000
26.415450,0.061051,-0.000628,166.187440,43.924266,0.023282,296.000000,293.000000,298.000000
26.428963,0.010051,0.014659,166.136440,43.847779,0.227236,296.000000,293.000000,298.000000
26.442133,-0.040948,0.024851,166.340441,43.847779,0.023282,296.000000,293.000000,298.000000
26.455480,-0.015448,0.024851,166.136440,43.771292,0.023282,296.000000,293.000000,298.000000
26.468775,-0.015448,0.024851,166.085440,43.771292,0.227236,296.000000,293.000000,298.000000
26.482224,0.035551,0.009564,165.881440,43.924266,0.227236,296.000000,293.000000,298.000000
26.495457,0.010051,0.014659,165.728440,43.847779,0.227236,296.000000,293.000000,298.000000
26.508831,0.010051,0.014659,165.575439,43.847779,0.125259,296.000000,293.000000,298.000000
26.522259,-0.015448,0.024851,165.779440,43.618319,0.227236,296.000000,293.000000,298.000000
26.535451,0.061051,0.014659,165.422439,43.847779,0.023282,296.000000,293.000000,298.000000
26.548800,-0.015448,0.029947,165.626440,43.618319,0.329213,296.000000,293.000000,298.000000
26.562091,0.010051,0.014659,165.371439,43.847779,0.329213,296.000000,293.000000,298.000000
26.575703,-0.040948,0.024851,165.473439,43.771292,0.125259,296.000000,293.000000,298.000000
26.589017,-0.040948,0.024851,165.473439,43.694806,0.023282,296.000000,293.000000,298.000000
26.602235,-0.066447,0.029947,165.320439,43.847779,0.125259,296.000000,293.000000,298.000000
26.615469,-0.040948,0.029947,165.167439,43.771292,0.023282,296.000000,293.000000,298.000000
26.628846,-0.015448,0.014659,164.963439,43.771292,0.023282,296.000000,293.000000,298.000000
26.642089,-0.040948,0.029947,165.065439,43.771292,0.227236,296.000000,293.000000,298.000000
26.655491,0.010051,0.004468,164.810438,44.077239,-0.180672,296.000000,293.000000,298.000000
26.668860,-0.066447,0.014659,164.861438,43.847779,-0.180672,296.000000,293.000000,298.000000
26.682125,0.010051,0.019755,164.708438,44.918592,0.125259,296.000000,293.000000,298.000000
26.695456,0.061051,-0.000628,164.402438,43.924266,0.023282,296.000000,293.000000,298.000000
26.708924,0.010051,0.009564,164.402438,43.694806,0.227236,296.000000,293.000000,298.000000
26.722159,-0.066447,0.029947,164.453438,43.924266,0.023282,296.000000,293.000000,298.000000
26.735475,0.035551,-0.000628,164.096437,43.847779,0.023282,296.000000,293.000000,298.000000
26.748853,-0.066447,0.019755,164.300438,43.694806,0.023282,296.000000,293.000000,298.000000
26.762229,-0.015448,0.014659,164.147437,43.924266,0.125259,296.000000,293.000000,298.000000
26.775547,-0.040948,0.024851,164.045437,43.694806,0.125259,296.000000,293.000000,298.000000
26.788871,0.010051,0.009564,163.790437,43.924266,-0.282649,296.000000,293.000000,298.000000
26.802127,0.061051,0.004468,163.484436,45.071565,-0.180672,296.000000,293.000000,298.000000
26.815574,0.035551,-0.000628,163.535436,44.000752,-0.180672,296.000000,293.000000,298.000000
26.828811,0.010051,0.019755,163.280436,43.924266,0.125259,296.000000,293.000000,298.000000
26.842115,0.010051,0.009564,163.331436,43.771292,0.329213,296.000000,293.000000,298.000000
26.855704,-0.040948,0.014659,163.280436,44.000752,0.023282,296.000000,293.000000,298.000000
26.868813,0.035551,0.009564,163.178436,43.924266,-0.078695,296.000000,293.000000,298.000000
26.882325,0.010051,0.009564,163.076436,43.924266,-0.282649,296.000000,293.000000,298.000000
26.895464,0.010051,0.014659,163.025436,43.924266,0.329213,296.000000,293.000000,298.000000
26.909009,0.010051,0.014659,163.076436,44.077239,-0.282649,296.000000,293.000000,298.000000
26.922206,-0.066447,0.019755,162.923436,43.924266,0.023282,296.000000,293.000000,298.000000
26.935514,0.010051,0.009564,162.872436,43.771292,-0.180672,296.000000,293.000000,298.000000
26.948838,0.010051,0.009564,162.668435,43.924266,0.023282,296.000000,293.000000,298.000000
26.962148,0.010051,0.019755,162.515435,44.000752,-0.180672,296.000000,293.000000,298.000000
26.975463,0.035551,0.019755,162.464435,44.077239,-0.282649,296.000000,293.000000,298.000000
26.988924,-0.040948,0.024851,162.413435,43.618319,0.023282,296.000000,293.000000,298.000000
27.002160,0.086550,0.004468,162.005434,43.847779,0.023282,296.000000,293.000000,298.000000
27.015526,-0.040948,0.024851,161.903434,43.618319,0.227236,296.000000,293.000000,298.000000
27.028964,0.010051,0.019755,161.699434,43.694806,0.227236,296.000000,293.000000,298.000000
27.042125,-0.040948,0.009564,161.648434,43.771292,0.125259,296.000000,293.000000,298.000000
27.055584,0.061051,0.004468,161.342433,44.000752,-0.282649,296.000000,293.000000,298.000000
27.068787,0.035551,0.004468,161.240433,44.000752,0.023282,296.000000,293.000000,298.000000
27.082109,0.010051,0.014659,161.291433,43.771292,0.023282,296.000000,293.000000,298.000000
27.095565,-0.066447,0.024851,161.393433,43.618319,-0.078695,296.000000,293.000000,298.000000
27.108959,0.035551,0.014659,161.036433,43.924266,0.023282,296.000000,293.000000,298.000000
27.122356,0.010051,0.014659,161.036433,44.000752,-0.180672,296.000000,293.000000,298.000000
27.135467,0.086550,0.004468,160.730432,44.000752,0.023282,296.000000,293.000000,298.000000
27.148817,-0.040948,0.029947,160.934433,43.771292,0.329213,296.000000,293.000000,298.000000
27.162189,0.010051,-0.000628,160.781432,43.924266,-0.180672,296.000000,293.000000,298.000000
27.175504,-0.066447,0.029947,160.730432,43.618319,-0.078695,296.000000,293.000000,298.000000
27.189170,0.035551,0.014659,160.577432,43.924266,0.023282,296.000000,293.000000,298.000000
27.202209,0.035551,0.009564,160.781432,43.771292,0.125259,296.000000,293.000000,298.000000
27.215654,-0.040948,0.024851,160.628432,43.694806,0.227236,296.000000,293.000000,298.000000
27.228795,0.010051,0.029947,160.526432,43.694806,0.227236,296.000000,293.000000,298.000000
