Time,Capstan speed,Preform feed rate,Temperature,Tension,Preform Pressure,Diameter,Diameter X,Diameter Y
[min],[m/min],[mm/min],[ºC],[g],[mBar],[mm],[um],[um]
12.573666,9.852891,3.999684,199.694489,54.020504,-0.078695,301.000000,301.000000,300.000000
12.586874,9.878390,4.004780,199.796490,52.184824,0.125259,302.000000,302.000000,302.000000
12.600214,9.776392,4.014972,200.000490,54.020504,0.125259,302.000000,302.000000,303.000000
12.613622,9.699893,4.030260,200.102490,50.961038,0.023282,300.000000,300.000000,301.000000
12.626908,9.954889,3.999684,199.898490,54.020504,-0.180672,300.000000,299.000000,300.000000
12.640207,9.852891,4.009876,200.153490,54.785370,0.023282,300.000000,300.000000,301.000000
12.653566,9.903890,4.014972,200.051490,54.861857,0.125259,296.000000,296.000000,297.000000
12.666910,10.005888,4.014972,200.000490,54.785370,0.227236,297.000000,298.000000,298.000000
12.680298,10.031388,4.009876,200.051490,53.638071,0.227236,293.000000,301.000000,297.000000
12.693558,10.082387,3.999684,200.051490,53.944017,0.125259,297.000000,309.000000,302.000000
12.706915,9.929389,3.999684,200.000490,53.102664,-0.180672,299.000000,298.000000,299.000000
12.720191,9.827391,4.030260,200.204490,52.643744,0.227236,300.000000,302.000000,302.000000
12.733566,9.776392,4.014972,200.000490,54.938344,0.227236,301.000000,296.000000,298.000000
12.746964,9.852891,4.004780,199.898490,51.802391,0.023282,299.000000,301.000000,300.000000
12.760248,9.827391,4.014972,200.102490,54.861857,-0.180672,301.000000,301.000000,300.000000
12.773545,9.776392,3.999684,199.949490,52.031851,-0.180672,301.000000,299.000000,299.000000
12.786875,9.699893,4.014972,200.153490,53.714557,0.227236,300.000000,292.000000,297.000000
12.800237,9.750892,3.999684,200.102490,53.867531,0.125259,293.000000,297.000000,294.000000
12.813631,9.648894,4.025164,200.510491,51.725904,0.227236,301.000000,304.000000,304.000000
12.826891,9.725393,4.009876,200.408490,55.014830,0.125259,303.000000,306.000000,306.000000
12.840221,9.495896,4.020068,200.357490,53.867531,0.227236,299.000000,298.000000,299.000000
12.853542,9.648894,4.004780,200.102490,55.167804,-0.078695,295.000000,298.000000,297.000000
12.866881,9.801891,3.994588,199.898490,51.955364,-0.180672,306.000000,300.000000,304.000000
12.880275,9.623394,4.025164,200.204490,53.867531,0.023282,305.000000,306.000000,306.000000
12.893563,9.699893,4.025164,200.051490,51.878878,-0.282649,304.000000,302.000000,305.000000
12.906910,9.546896,4.025164,200.204490,53.867531,-0.078695,299.000000,300.000000,302.000000
12.920235,9.648894,4.004780,199.949490,52.108338,-0.180672,300.000000,299.000000,301.000000
12.933585,9.521396,4.025164,200.000490,51.802391,0.227236,301.000000,299.000000,302.000000
12.946969,9.674393,4.014972,200.051490,55.014830,-0.180672,302.000000,300.000000,303.000000
12.960229,9.648894,4.025164,200.204490,50.808064,0.023282,301.000000,300.000000,301.000000
12.973545,9.725393,4.025164,200.051490,55.856184,0.329213,296.000000,300.000000,300.000000
12.986911,9.852891,4.004780,199.796490,53.179151,-0.180672,300.000000,300.000000,302.000000
13.000192,9.750892,4.025164,200.051490,51.802391,0.125259,299.000000,298.000000,299.000000
13.013587,9.776392,4.004780,199.949490,54.708884,0.023282,298.000000,298.000000,298.000000
13.026900,9.827391,3.999684,199.949490,53.102664,-0.078695,297.000000,298.000000,298.000000
13.040212,9.750892,4.004780,199.694489,55.167804,-0.180672,300.000000,298.000000,300.000000
13.053547,9.750892,3.999684,199.745489,52.031851,0.023282,296.000000,298.000000,297.000000
13.066872,9.776392,3.999684,199.745489,54.096991,0.023282,301.000000,299.000000,300.000000
13.080301,9.699893,4.009876,199.796490,51.802391,0.125259,299.000000,300.000000,300.000000
13.093595,9.725393,4.020068,199.847490,54.861857,0.023282,296.000000,296.000000,295.000000
13.106893,9.623394,4.030260,199.949490,54.938344,0.125259,296.000000,297.000000,295.000000
13.120215,9.419398,4.025164,199.949490,53.638071,0.329213,296.000000,296.000000,296.000000
13.133567,9.495896,4.009876,199.847490,51.802391,0.023282,296.000000,297.000000,295.000000
13.146950,9.521396,4.009876,200.000490,51.878878,0.023282,299.000000,300.000000,297.000000
13.160225,9.444897,4.020068,200.204490,52.873204,0.023282,302.000000,299.000000,299.000000
13.173569,9.495896,4.009876,199.949490,52.873204,0.125259,297.000000,297.000000,296.000000
13.186872,9.470397,4.004780,199.949490,51.114011,0.023282,306.000000,304.000000,303.000000
13.200243,9.317399,4.020068,200.102490,56.774023,0.431190,291.000000,291.000000,290.000000
13.213632,9.368398,4.004780,199.796490,57.997810,-0.078695,298.000000,299.000000,297.000000
13.226890,9.317399,4.009876,199.949490,53.944017,-0.282649,301.000000,302.000000,300.000000
13.240247,9.317399,4.009876,199.949490,51.802391,0.023282,302.000000,305.000000,302.000000
13.253572,9.189901,4.020068,200.000490,53.867531,0.125259,302.000000,302.000000,302.000000
13.266909,9.240901,3.994588,199.898490,52.184824,-0.180672,302.000000,302.000000,301.000000
13.280258,9.240901,3.999684,199.949490,54.020504,-0.180672,300.000000,302.000000,300.000000
13.293563,9.189901,4.014972,200.000490,53.102664,-0.180672,299.000000,300.000000,299.000000
13.306876,9.189901,4.014972,200.051490,51.802391,-0.078695,299.000000,299.000000,298.000000
13.320226,9.368398,3.999684,200.051490,55.932670,0.125259,299.000000,298.000000,296.000000
13.333560,9.266400,4.014972,200.153490,51.496444,-0.078695,302.000000,305.000000,301.000000
13.346976,9.317399,4.020068,200.153490,55.091317,-0.282649,299.000000,298.000000,298.000000
13.360214,9.138902,4.020068,200.255490,51.878878,-0.078695,299.000000,301.000000,298.000000
13.373564,9.113403,4.035356,200.204490,52.720231,0.227236,300.000000,300.000000,299.000000
13.386889,9.215401,4.014972,200.153490,51.955364,-0.078695,300.000000,302.000000,300.000000
13.400222,9.215401,4.014972,200.255490,53.867531,-0.180672,299.000000,300.000000,299.000000
13.413652,9.240901,3.999684,200.102490,55.091317,0.125259,299.000000,300.000000,299.000000
13.426895,9.368398,3.999684,200.102490,52.796717,0.023282,298.000000,298.000000,298.000000
13.440229,9.317399,3.999684,200.153490,52.949691,-0.282649,297.000000,297.000000,296.000000
13.453575,9.240901,4.030260,200.153490,50.731578,0.227236,298.000000,300.000000,297.000000
13.466871,9.215401,4.009876,199.847490,54.861857,0.023282,296.000000,297.000000,295.000000
13.480254,9.215401,4.004780,199.694489,50.961038,0.023282,295.000000,298.000000,293.000000
13.493547,9.164402,3.999684,199.796490,52.031851,0.023282,298.000000,299.000000,294.000000
13.506899,9.036904,4.020068,200.051490,52.643744,0.329213,296.000000,298.000000,293.000000
13.520265,9.087903,4.009876,200.051490,51.878878,0.125259,297.000000,296.000000,292.000000
13.533563,9.138902,4.004780,200.000490,54.173477,-0.180672,303.000000,304.000000,298.000000
13.546942,9.164402,3.999684,199.898490,52.031851,-0.078695,297.000000,294.000000,292.000000
13.560221,8.934906,4.025164,200.204490,51.955364,0.125259,298.000000,303.000000,295.000000
13.573542,9.062403,3.999684,200.000490,52.720231,0.023282,297.000000,301.000000,293.000000
13.586898,9.087903,3.999684,200.051490,51.878878,0.023282,300.000000,301.000000,296.000000
13.600204,8.934906,4.030260,200.204490,54.785370,0.227236,289.000000,293.000000,284.000000
13.613628,9.011404,4.009876,200.051490,52.720231,0.227236,314.000000,317.000000,311.000000
13.626878,8.832907,4.025164,200.153490,52.873204,0.125259,292.000000,297.000000,292.000000
13.640251,8.960405,3.999684,200.051490,54.861857,0.023282,302.000000,300.000000,297.000000
13.653567,8.934906,4.014972,200.153490,50.884551,-0.282649,301.000000,306.000000,300.000000
13.666929,8.832907,4.030260,200.255490,52.796717,0.125259,304.000000,302.000000,301.000000
13.680327,8.807408,4.025164,200.153490,53.867531,0.227236,302.000000,304.000000,301.000000
13.693570,8.832907,4.025164,200.306490,50.578604,0.125259,302.000000,304.000000,299.000000
13.706914,8.807408,4.025164,200.306490,52.796717,0.227236,301.000000,300.000000,300.000000
13.720267,8.934906,4.004780,200.204490,54.020504,-0.180672,300.000000,303.000000,301.000000
13.733647,9.062403,3.999684,200.306490,51.114011,-0.180672,297.000000,297.000000,296.000000
13.746988,8.985905,4.020068,200.408490,55.703210,0.431190,302.000000,300.000000,301.000000
13.760253,9.062403,3.999684,200.510491,52.031851,-0.180672,304.000000,303.000000,304.000000
13.773570,9.011404,4.014972,200.510491,51.802391,0.329213,299.000000,300.000000,299.000000
13.786915,9.011404,4.009876,200.561491,54.861857,0.023282,301.000000,300.000000,302.000000
13.800192,8.934906,4.025164,200.612491,51.725904,0.227236,304.000000,298.000000,302.000000
13.813663,9.062403,4.009876,200.561491,52.796717,0.023282,318.000000,311.000000,315.000000
13.826904,9.036904,4.009876,200.408490,53.944017,0.023282,307.000000,300.000000,304.000000
13.840262,9.011404,4.014972,200.408490,51.878878,0.023282,302.000000,303.000000,301.000000
13.853601,9.087903,3.999684,200.000490,54.096991,-0.078695,302.000000,303.000000,301.000000
13.866879,9.011404,4.014972,199.898490,51.878878,0.023282,302.000000,302.000000,301.000000
13.880318,9.087903,4.025164,199.592489,52.796717,0.227236,304.000000,306.000000,303.000000
13.893571,9.113403,4.014972,199.694489,51.878878,-0.180672,301.000000,304.000000,299.000000
13.906933,9.087903,4.009876,199.643489,53.791044,0.329213,302.000000,306.000000,301.000000
13.920251,9.087903,4.020068,199.745489,54.938344,-0.180672,300.000000,304.000000,298.000000
13.933576,9.087903,4.014972,199.847490,50.731578,0.329213,301.000000,302.000000,296.000000
13.946979,9.189901,4.009876,199.694489,55.856184,0.023282,301.000000,302.000000,299.000000
13.960240,9.138902,4.014972,200.153490,50.884551,0.023282,299.000000,304.000000,298.000000
13.973583,9.266400,4.004780,199.898490,52.949691,0.125259,303.000000,305.000000,301.000000
13.986949,9.138902,4.009876,200.306490,53.944017,0.023282,305.000000,307.000000,304.000000
14.000269,9.240901,4.004780,200.051490,53.791044,0.125259,303.000000,305.000000,303.000000
14.013644,9.164402,4.009876,200.306490,52.796717,0.023282,301.000000,301.000000,300.000000
14.026924,9.164402,4.020068,200.408490,53.867531,0.023282,302.000000,302.000000,301.000000
14.040264,9.266400,3.994588,200.102490,53.944017,-0.282649,300.000000,300.000000,300.000000
14.053597,9.368398,4.025164,200.204490,51.802391,0.023282,302.000000,302.000000,301.000000
14.066909,9.342899,4.025164,200.408490,55.550237,0.329213,304.000000,304.000000,304.000000
14.080331,9.266400,4.009876,200.357490,51.955364,0.023282,302.000000,302.000000,301.000000
14.093634,9.240901,4.025164,200.408490,54.785370,0.227236,305.000000,304.000000,303.000000
14.110254,9.291900,4.020068,200.765491,53.638071,0.227236,305.000000,307.000000,304.000000
14.123620,9.317399,4.040452,200.408490,52.720231,0.227236,301.000000,306.000000,300.000000
14.136925,9.444897,3.994588,200.306490,54.938344,0.023282,302.000000,304.000000,301.000000
14.150259,9.444897,4.025164,200.357490,52.643744,0.431190,304.000000,305.000000,302.000000
14.163669,9.444897,4.025164,200.255490,51.649418,0.227236,304.000000,307.000000,302.000000
14.176942,9.470397,4.020068,200.306490,55.932670,0.125259,307.000000,306.000000,303.000000
14.190171,9.674393,4.004780,200.000490,56.085644,-0.078695,303.000000,305.000000,300.000000
14.203593,9.648894,4.004780,200.102490,55.014830,0.023282,303.000000,305.000000,300.000000
14.216830,9.699893,4.014972,200.204490,52.873204,0.125259,303.000000,304.000000,299.000000
14.230301,9.648894,4.009876,200.408490,54.861857,0.023282,301.000000,305.000000,299.000000
14.243521,9.699893,4.014972,200.357490,53.561584,-0.078695,301.000000,303.000000,299.000000
14.256881,9.827391,4.014972,200.408490,54.020504,0.431190,301.000000,303.000000,299.000000
14.270176,9.801891,4.009876,200.612491,54.785370,-0.078695,302.000000,305.000000,300.000000
14.283541,9.878390,4.020068,200.663491,52.796717,-0.180672,302.000000,302.000000,299.000000
14.296952,9.954889,3.994588,200.510491,55.014830,-0.180672,300.000000,302.000000,298.000000
14.310175,9.878390,4.030260,200.612491,52.643744,0.227236,290.000000,290.000000,285.000000
14.323549,9.980388,3.999684,200.612491,54.249964,0.023282,308.000000,311.000000,306.000000
14.336857,9.903890,4.009876,200.714491,56.774023,-0.078695,303.000000,309.000000,303.000000
14.350207,9.852891,4.025164,200.918491,52.643744,0.125259,300.000000,308.000000,299.000000
14.363630,9.954889,3.994588,200.765491,55.091317,-0.282649,304.000000,308.000000,301.000000
14.376843,9.954889,4.004780,200.714491,57.921323,0.125259,303.000000,306.000000,300.000000
14.390241,10.158886,3.999684,200.612491,54.938344,0.023282,304.000000,308.000000,303.000000
14.403549,10.107886,4.020068,200.663491,52.796717,0.023282,301.000000,304.000000,298.000000
14.416912,10.031388,4.020068,200.765491,53.944017,0.125259,301.000000,308.000000,300.000000
14.430292,10.260884,4.004780,200.561491,56.850510,0.023282,306.000000,309.000000,304.000000
14.443553,10.311883,4.009876,200.612491,53.867531,-0.180672,303.000000,308.000000,301.000000
14.456912,10.388382,4.020068,200.612491,52.873204,-0.180672,301.000000,304.000000,299.000000
14.470188,10.439381,4.009876,200.663491,54.632397,0.227236,300.000000,302.000000,297.000000
14.483586,10.388382,4.004780,200.663491,56.850510,0.227236,294.000000,305.000000,293.000000
14.496927,10.541379,4.020068,200.663491,55.550237,0.431190,298.000000,312.000000,307.000000
14.510190,10.668877,3.994588,200.408490,52.873204,0.023282,306.000000,301.000000,301.000000
14.523560,10.541379,4.025164,200.510491,52.796717,0.329213,303.000000,301.000000,298.000000
14.536889,10.566879,4.030260,200.510491,57.691863,0.329213,299.000000,301.000000,298.000000
14.550203,10.694377,4.004780,200.459490,58.150783,-0.180672,301.000000,307.000000,301.000000
14.563621,10.643378,4.009876,200.561491,55.856184,0.227236,295.000000,296.000000,294.000000
14.576914,10.566879,4.009876,200.561491,53.867531,0.329213,293.000000,294.000000,290.000000
14.590233,10.617878,4.009876,200.561491,54.020504,-0.180672,302.000000,304.000000,301.000000
14.603551,10.592378,4.009876,200.408490,56.850510,0.125259,294.000000,302.000000,299.000000
14.616877,10.541379,4.025164,200.561491,55.550237,0.329213,303.000000,303.000000,302.000000
14.630295,10.439381,4.025164,200.510491,54.938344,0.227236,301.000000,299.000000,299.000000
14.643569,10.515880,4.014972,200.408490,53.944017,0.023282,304.000000,306.000000,303.000000
14.656880,10.515880,4.009876,200.510491,53.867531,0.227236,307.000000,308.000000,306.000000
14.670229,10.490380,3.999684,200.561491,59.068623,0.023282,303.000000,304.000000,303.000000
14.683552,10.490380,3.984397,200.561491,55.932670,-0.282649,300.000000,301.000000,299.000000
14.696938,10.490380,4.009876,200.561491,54.785370,0.023282,300.000000,301.000000,300.000000
14.710207,10.719876,4.020068,200.561491,54.020504,-0.180672,304.000000,304.000000,302.000000
14.723568,10.745376,4.004780,200.204490,54.020504,0.125259,300.000000,302.000000,299.000000
14.736875,10.847374,3.999684,200.204490,56.926997,0.023282,300.000000,302.000000,299.000000
14.750191,10.719876,4.025164,200.459490,56.621050,0.227236,301.000000,301.000000,299.000000
14.763615,10.847374,4.009876,200.102490,57.844837,0.023282,301.000000,303.000000,300.000000
14.776914,10.770876,4.020068,200.204490,55.779697,-0.078695,300.000000,300.000000,298.000000
14.790237,10.821875,4.004780,200.153490,53.638071,0.227236,302.000000,303.000000,300.000000
14.803558,10.872874,4.009876,200.153490,54.861857,0.227236,307.000000,308.000000,305.000000
14.816872,10.974872,3.999684,200.000490,53.026177,-0.282649,301.000000,304.000000,300.000000
14.830258,10.898373,4.009876,200.000490,54.938344,-0.078695,301.000000,302.000000,299.000000
14.843555,11.000372,4.014972,199.898490,55.091317,-0.180672,301.000000,304.000000,299.000000
14.856892,10.949373,4.025164,200.000490,54.938344,0.023282,301.000000,303.000000,298.000000
14.870240,11.000372,4.020068,199.898490,57.691863,0.329213,303.000000,305.000000,300.000000
14.883555,11.076871,3.999684,200.000490,57.997810,-0.180672,300.000000,303.000000,297.000000
14.896985,11.025871,4.009876,200.051490,58.839163,-0.282649,300.000000,301.000000,297.000000
14.910273,11.204368,4.009876,200.000490,56.774023,0.125259,300.000000,302.000000,297.000000
14.923545,11.153369,3.999684,200.102490,55.091317,-0.180672,307.000000,307.000000,303.000000
14.936902,11.178869,3.999684,200.000490,56.926997,0.023282,294.000000,299.000000,292.000000
14.950226,11.025871,4.025164,200.408490,55.856184,0.023282,301.000000,298.000000,296.000000
14.963613,11.153369,3.999684,200.153490,57.232943,0.023282,298.000000,300.000000,298.000000
14.976909,11.076871,4.014972,200.408490,54.938344,0.023282,301.000000,300.000000,298.000000
14.990189,11.051371,4.009876,200.408490,53.867531,0.125259,299.000000,298.000000,297.000000
15.003575,11.153369,3.999684,200.102490,54.020504,-0.180672,296.000000,300.000000,295.000000
15.016936,11.127870,4.009876,200.204490,53.867531,0.023282,297.000000,300.000000,295.000000
15.030258,11.051371,4.025164,200.204490,59.604030,0.023282,296.000000,299.000000,293.000000
15.043563,10.949373,4.014972,200.153490,58.839163,-0.078695,298.000000,301.000000,295.000000
15.056896,11.000372,4.014972,200.102490,57.768350,0.227236,304.000000,304.000000,302.000000
15.070227,10.974872,4.009876,200.153490,57.768350,-0.180672,304.000000,309.000000,302.000000
15.083560,10.949373,3.999684,200.102490,56.162130,-0.180672,299.000000,303.000000,297.000000
15.096995,10.923873,4.009876,200.408490,56.697537,0.125259,301.000000,303.000000,298.000000
15.110252,10.872874,4.014972,200.204490,54.938344,0.227236,300.000000,305.000000,298.000000
15.123582,11.051371,3.999684,200.153490,56.085644,0.125259,298.000000,300.000000,296.000000
15.136915,11.025871,3.999684,200.459490,54.096991,-0.078695,299.000000,301.000000,295.000000
15.150242,11.051371,4.009876,200.204490,52.949691,0.023282,301.000000,304.000000,298.000000
15.163615,11.000372,4.014972,200.306490,55.703210,0.329213,291.000000,310.000000,294.000000
15.176892,11.000372,4.025164,200.204490,54.708884,0.329213,305.000000,307.000000,300.000000
15.190228,11.025871,4.025164,200.408490,57.691863,0.125259,306.000000,310.000000,304.000000
15.203554,11.076871,4.009876,200.255490,56.850510,0.431190,298.000000,299.000000,294.000000
15.216918,11.102370,4.014972,200.255490,57.003483,0.227236,299.000000,301.000000,296.000000
15.230271,11.076871,4.014972,200.255490,59.145110,-0.180672,303.000000,317.000000,307.000000
15.243580,11.051371,4.025164,200.357490,57.844837,0.023282,304.000000,305.000000,301.000000
15.256913,11.204368,3.999684,200.357490,58.992136,-0.180672,305.000000,314.000000,306.000000
15.270215,11.204368,4.009876,200.255490,57.921323,-0.180672,298.000000,304.000000,296.000000
15.283583,11.255368,3.999684,200.000490,58.762676,0.125259,304.000000,309.000000,304.000000
15.296939,11.357366,4.025164,200.306490,58.915650,0.023282,304.000000,307.000000,302.000000
15.310244,11.408365,3.994588,200.153490,58.150783,-0.180672,296.000000,301.000000,294.000000
15.323568,11.484864,4.014972,200.153490,57.844837,0.329213,290.000000,294.000000,288.000000
15.336905,11.484864,4.009876,199.949490,55.014830,0.125259,304.000000,303.000000,300.000000
15.350206,11.484864,4.025164,200.051490,58.150783,-0.282649,298.000000,303.000000,298.000000
15.363605,11.408365,3.994588,200.153490,60.062950,-0.180672,298.000000,306.000000,300.000000
15.376891,11.306367,4.020068,200.153490,56.621050,0.431190,298.000000,299.000000,297.000000
15.390214,11.459364,4.025164,200.102490,54.632397,0.023282,296.000000,298.000000,296.000000
15.403558,11.459364,4.014972,199.847490,54.555911,0.227236,300.000000,299.000000,297.000000
15.416932,11.484864,4.025164,199.592489,55.626724,0.227236,300.000000,307.000000,301.000000
15.430263,11.459364,4.004780,199.490489,54.861857,0.125259,296.000000,298.000000,292.000000
15.443538,11.408365,4.004780,199.541489,56.697537,0.329213,292.000000,302.000000,292.000000
15.456903,11.357366,4.004780,199.694489,54.938344,0.125259,303.000000,304.000000,300.000000
15.470224,11.408365,4.009876,199.592489,54.861857,0.329213,303.000000,306.000000,300.000000
15.483571,11.306367,4.025164,199.745489,56.697537,0.125259,304.000000,306.000000,303.000000
15.496947,11.280867,4.014972,199.490489,53.944017,0.125259,299.000000,301.000000,298.000000
15.510223,11.280867,4.025164,199.592489,55.856184,-0.078695,295.000000,300.000000,296.000000
15.523583,11.306367,4.014972,199.337489,56.009157,0.023282,303.000000,301.000000,300.000000
15.536905,11.331866,4.025164,199.490489,55.626724,0.023282,303.000000,299.000000,299.000000
15.550250,11.382866,4.020068,199.286489,54.708884,0.227236,302.000000,306.000000,303.000000
15.563610,11.357366,4.020068,199.541489,53.867531,0.023282,293.000000,295.000000,291.000000
15.576919,11.408365,4.014972,199.439489,53.714557,0.329213,297.000000,300.000000,295.000000
15.590262,11.331866,4.025164,199.592489,52.720231,0.125259,299.000000,300.000000,296.000000
15.603569,11.382866,4.020068,199.337489,54.938344,0.023282,300.000000,298.000000,296.000000
15.616917,11.408365,4.004780,199.286489,52.949691,-0.078695,301.000000,301.000000,298.000000
15.630272,11.357366,3.999684,199.337489,54.938344,-0.180672,301.000000,303.000000,300.000000
15.643619,11.357366,4.004780,199.337489,54.096991,-0.180672,298.000000,300.000000,297.000000
15.656910,11.229868,4.030260,199.388489,53.791044,0.431190,300.000000,301.000000,298.000000
15.670244,11.306367,3.999684,199.439489,55.091317,0.125259,301.000000,303.000000,300.000000
15.683551,11.255368,4.025164,199.592489,54.708884,0.737121,300.000000,301.000000,299.000000
15.696997,11.357366,3.999684,199.337489,57.232943,0.227236,301.000000,302.000000,300.000000
15.710236,11.357366,3.999684,199.490489,55.091317,0.023282,300.000000,302.000000,299.000000
15.723542,11.255368,3.999684,199.490489,55.932670,0.431190,299.000000,299.000000,298.000000
15.736885,11.331866,4.009876,199.286489,55.856184,0.431190,301.000000,302.000000,299.000000
15.750224,11.382866,4.014972,199.337489,54.785370,0.533167,302.000000,303.000000,302.000000
15.763628,11.306367,4.009876,199.439489,56.697537,0.839098,302.000000,302.000000,301.000000
15.776894,11.382866,4.014972,199.337489,53.944017,0.227236,298.000000,299.000000,296.000000
15.790268,11.280867,4.014972,199.439489,55.856184,0.329213,296.000000,302.000000,297.000000
15.803547,11.484864,3.999684,199.337489,55.167804,0.329213,303.000000,303.000000,302.000000
15.816933,11.408365,4.014972,199.388489,55.932670,0.635144,302.000000,303.000000,301.000000
15.830294,11.408365,4.004780,199.439489,55.779697,0.431190,300.000000,301.000000,299.000000
15.843585,11.357366,4.020068,199.541489,53.867531,0.329213,299.000000,300.000000,299.000000
15.856909,11.382866,4.030260,199.439489,55.779697,0.941075,301.000000,301.000000,301.000000
15.870250,11.331866,4.009876,199.643489,53.867531,0.431190,302.000000,304.000000,302.000000
15.883586,11.459364,4.004780,199.388489,55.244290,0.635144,303.000000,303.000000,303.000000
15.896980,11.459364,3.999684,199.388489,54.020504,0.329213,303.000000,302.000000,301.000000
15.910268,11.433865,4.020068,199.592489,53.944017,0.533167,303.000000,303.000000,303.000000
15.923555,11.561363,3.999684,199.541489,55.014830,0.533167,302.000000,305.000000,303.000000
15.936889,11.484864,4.009876,199.643489,53.102664,0.125259,289.000000,288.000000,285.000000
15.950239,11.663361,4.009876,199.439489,55.932670,0.227236,307.000000,306.000000,305.000000
15.963639,11.510363,4.020068,199.643489,55.856184,0.635144,293.000000,292.000000,291.000000
15.976937,11.586862,4.014972,199.541489,56.926997,0.431190,305.000000,306.000000,306.000000
15.990242,11.586862,4.014972,199.490489,59.833490,0.227236,306.000000,307.000000,306.000000
16.003555,11.663361,3.999684,199.388489,57.921323,0.533167,299.000000,303.000000,299.000000
16.016981,11.867358,3.994588,199.388489,55.856184,0.533167,299.000000,303.000000,302.000000
16.030386,11.841858,4.004780,199.541489,54.861857,0.533167,294.000000,296.000000,295.000000
16.043586,11.739860,4.020068,199.592489,53.638071,0.839098,297.000000,304.000000,303.000000
16.056898,11.867358,4.025164,199.643489,51.725904,0.533167,300.000000,303.000000,301.000000
16.070235,11.867358,4.009876,199.490489,55.856184,1.043052,299.000000,304.000000,303.000000
16.083577,11.790859,4.014972,199.439489,57.079970,0.329213,304.000000,301.000000,304.000000
16.096968,11.841858,4.014972,199.439489,57.844837,0.227236,301.000000,300.000000,302.000000
16.110263,11.739860,4.020068,199.643489,57.921323,0.329213,302.000000,300.000000,302.000000
16.123593,11.790859,4.014972,199.643489,56.850510,0.227236,301.000000,296.000000,299.000000
16.136918,11.841858,3.999684,199.490489,57.003483,0.227236,297.000000,298.000000,298.000000
16.150285,11.739860,4.014972,199.643489,51.878878,0.533167,298.000000,298.000000,298.000000
16.163643,11.739860,4.009876,199.592489,54.938344,0.635144,298.000000,298.000000,298.000000
16.176894,11.790859,4.009876,199.694489,52.643744,0.635144,303.000000,301.000000,303.000000
16.190283,11.867358,3.999684,199.439489,56.162130,0.533167,301.000000,303.000000,302.000000
16.203578,11.841858,3.999684,199.388489,55.473750,0.533167,299.000000,298.000000,300.000000
16.216910,11.790859,4.009876,199.490489,56.850510,0.533167,296.000000,287.000000,293.000000
16.230309,11.739860,4.009876,199.541489,58.992136,0.737121,297.000000,304.000000,301.000000
16.243572,11.688861,4.014972,199.541489,56.544564,0.839098,301.000000,299.000000,302.000000
16.256907,11.663361,4.014972,199.388489,57.844837,0.329213,306.000000,299.000000,304.000000
16.270276,11.535863,4.025164,199.592489,54.708884,0.839098,296.000000,292.000000,295.000000
16.283588,11.612362,4.009876,199.439489,56.850510,0.737121,294.000000,304.000000,300.000000
16.296981,11.484864,4.025164,199.490489,55.703210,0.941075,300.000000,303.000000,302.000000
16.313757,11.433865,4.025164,199.643489,57.691863,0.839098,312.000000,307.000000,311.000000
16.326906,11.459364,4.014972,199.592489,57.768350,0.635144,308.000000,310.000000,310.000000
16.340247,11.535863,4.004780,199.541489,55.167804,0.431190,305.000000,299.000000,304.000000
16.353588,11.459364,4.030260,199.643489,53.944017,0.533167,302.000000,302.000000,303.000000
16.366907,11.688861,4.014972,199.490489,52.873204,0.431190,302.000000,302.000000,303.000000
16.380290,11.663361,4.014972,199.490489,54.938344,0.635144,293.000000,290.000000,290.000000
16.393577,11.816358,4.014972,199.337489,52.796717,0.227236,302.000000,306.000000,305.000000
16.406910,11.739860,4.014972,199.490489,56.774023,0.431190,304.000000,301.000000,302.000000
16.420243,11.867358,3.999684,199.388489,55.932670,0.839098,290.000000,282.000000,286.000000
16.433592,11.739860,4.020068,199.592489,57.691863,0.941075,305.000000,307.000000,307.000000
16.446988,11.816358,4.014972,199.439489,56.850510,0.737121,297.000000,301.000000,300.000000
16.460250,11.816358,4.014972,199.388489,53.714557,0.941075,289.000000,294.000000,293.000000
16.473571,11.765359,4.025164,199.286489,53.714557,0.941075,299.000000,303.000000,305.000000
16.486954,11.739860,4.025164,199.337489,50.731578,0.737121,296.000000,292.000000,296.000000
16.500282,11.637861,3.999684,199.133489,54.785370,0.635144,296.000000,298.000000,297.000000
16.513656,11.586862,4.025164,199.490489,51.878878,0.533167,286.000000,293.000000,290.000000
16.526968,11.663361,4.004780,199.184489,53.867531,0.635144,303.000000,299.000000,302.000000
16.540262,11.382866,4.020068,199.184489,52.873204,0.737121,288.000000,295.000000,291.000000
16.553580,11.382866,4.025164,199.439489,51.725904,0.839098,295.000000,284.000000,291.000000
16.566921,11.229868,4.009876,199.592489,52.796717,0.635144,306.000000,308.000000,311.000000
16.580354,11.357366,4.009876,199.286489,51.878878,0.737121,301.000000,288.000000,296.000000
16.593617,11.229868,4.025164,199.490489,56.697537,0.839098,303.000000,301.000000,304.000000
16.606923,11.153369,4.025164,199.439489,61.745656,0.941075,291.000000,292.000000,292.000000
16.620299,11.255368,4.014972,199.541489,53.944017,0.635144,294.000000,297.000000,296.000000
16.633597,11.153369,3.999684,199.439489,55.014830,0.329213,298.000000,297.000000,299.000000
16.646972,11.178869,3.994588,199.643489,56.085644,0.227236,303.000000,306.000000,306.000000
16.660261,11.127870,4.004780,199.490489,57.768350,0.839098,307.000000,302.000000,306.000000
16.673590,10.974872,4.014972,199.592489,55.626724,1.043052,300.000000,292.000000,297.000000
16.686929,11.051371,3.999684,199.439489,55.167804,0.839098,307.000000,306.000000,308.000000
16.700287,10.949373,4.025164,199.694489,56.774023,0.635144,297.000000,292.000000,296.000000
16.713669,11.051371,4.025164,199.796490,54.708884,0.635144,304.000000,306.000000,307.000000
16.726953,11.025871,4.020068,199.796490,54.785370,0.635144,305.000000,302.000000,305.000000
16.740303,11.229868,4.025164,199.898490,53.867531,0.635144,307.000000,301.000000,306.000000
16.753633,11.357366,3.999684,199.745489,56.085644,0.635144,298.000000,296.000000,302.000000
16.766943,11.280867,4.009876,199.745489,57.003483,0.839098,309.000000,298.000000,305.000000
16.780351,11.382866,4.014972,199.796490,54.938344,0.431190,296.000000,299.000000,298.000000
16.793576,11.408365,4.004780,199.592489,56.085644,0.737121,294.000000,299.000000,298.000000
16.806896,11.382866,4.020068,199.694489,54.020504,0.533167,303.000000,299.000000,303.000000
16.820266,11.408365,4.004780,199.847490,55.932670,0.431190,300.000000,298.000000,300.000000
16.833635,11.357366,4.014972,200.000490,53.867531,0.635144,299.000000,300.000000,302.000000
16.847031,11.255368,4.025164,200.000490,55.779697,0.737121,303.000000,301.000000,304.000000
16.860331,11.229868,4.025164,199.796490,56.085644,0.635144,303.000000,300.000000,304.000000
16.873632,11.459364,4.004780,199.541489,53.867531,0.533167,300.000000,299.000000,301.000000
16.886971,11.459364,3.999684,199.643489,55.779697,0.635144,301.000000,301.000000,303.000000
16.900295,11.357366,4.030260,199.847490,53.714557,0.941075,298.000000,297.000000,299.000000
16.913690,11.433865,4.009876,199.847490,57.003483,0.431190,302.000000,299.000000,302.000000
16.927008,11.459364,4.004780,199.694489,56.238617,0.941075,300.000000,299.000000,301.000000
16.940336,11.459364,4.009876,199.694489,55.703210,0.533167,300.000000,299.000000,301.000000
16.953611,11.408365,4.014972,199.643489,54.708884,1.043052,300.000000,298.000000,301.000000
16.966984,11.382866,4.014972,199.541489,53.944017,0.839098,300.000000,297.000000,299.000000
16.980377,11.331866,4.030260,199.745489,55.703210,1.043052,299.000000,298.000000,300.000000
16.993670,11.382866,4.009876,199.796490,54.020504,0.431190,302.000000,301.000000,302.000000
17.006974,11.382866,4.020068,199.745489,56.621050,1.043052,305.000000,303.000000,306.000000
17.020291,11.306367,4.009876,199.847490,55.703210,0.533167,302.000000,302.000000,303.000000
17.033702,11.255368,4.014972,199.898490,55.856184,0.839098,301.000000,301.000000,302.000000
17.047031,11.484864,4.014972,199.694489,56.009157,0.737121,302.000000,301.000000,303.000000
17.060352,11.484864,4.004780,199.643489,55.932670,0.839098,302.000000,300.000000,303.000000
17.073686,11.408365,4.025164,199.745489,57.691863,0.941075,304.000000,302.000000,305.000000
17.087015,11.612362,4.014972,199.643489,56.085644,0.533167,301.000000,300.000000,302.000000
17.100353,11.612362,4.014972,199.745489,55.932670,0.941075,304.000000,302.000000,305.000000
17.113693,11.612362,4.014972,199.694489,53.867531,0.839098,300.000000,301.000000,303.000000
17.127014,11.612362,4.014972,199.694489,52.796717,0.839098,300.000000,304.000000,304.000000
17.140326,11.637861,4.020068,199.796490,51.649418,0.839098,305.000000,308.000000,310.000000
17.153705,11.688861,4.025164,199.694489,52.720231,1.043052,307.000000,301.000000,306.000000
17.167035,11.867358,4.004780,199.490489,56.009157,0.533167,304.000000,302.000000,305.000000
17.180403,11.790859,4.014972,199.592489,56.009157,0.533167,303.000000,304.000000,305.000000
17.193669,11.918357,4.004780,199.745489,57.768350,0.941075,303.000000,302.000000,304.000000
17.207036,11.790859,4.025164,199.694489,53.867531,0.839098,301.000000,300.000000,303.000000
17.220325,11.943856,4.025164,199.694489,53.867531,0.941075,305.000000,304.000000,306.000000
17.233644,12.045855,4.009876,199.694489,53.944017,0.533167,306.000000,305.000000,307.000000
17.247078,11.994856,4.004780,199.796490,56.697537,1.043052,301.000000,298.000000,301.000000
17.260310,12.198852,4.004780,199.847490,55.856184,0.737121,303.000000,300.000000,303.000000
17.273677,12.198852,4.020068,199.847490,51.725904,0.839098,302.000000,302.000000,303.000000
17.286971,12.122353,4.014972,199.949490,54.861857,0.737121,301.000000,301.000000,303.000000
17.300319,12.326350,4.004780,199.949490,55.779697,0.533167,302.000000,301.000000,303.000000
17.313733,12.224352,4.025164,200.204490,55.703210,1.043052,300.000000,300.000000,302.000000
17.326994,12.479348,4.020068,200.102490,50.884551,0.839098,302.000000,301.000000,303.000000
17.343667,12.453848,4.035356,200.255490,55.703210,0.941075,303.000000,302.000000,303.000000
17.356980,12.428348,4.030260,200.102490,55.856184,0.635144,299.000000,304.000000,306.000000
17.370325,12.504847,4.014972,200.051490,57.768350,0.839098,309.000000,302.000000,310.000000
17.383687,12.479348,3.999684,200.153490,54.020504,0.329213,287.000000,297.000000,289.000000
17.397056,12.581346,4.004780,200.051490,59.145110,0.635144,316.000000,313.000000,317.000000
17.410336,12.504847,4.014972,200.153490,53.944017,0.839098,293.000000,289.000000,290.000000
17.423680,12.428348,4.014972,200.306490,54.938344,0.941075,308.000000,307.000000,309.000000
17.436988,12.581346,4.014972,200.408490,57.079970,0.431190,300.000000,300.000000,301.000000
17.450346,12.530347,4.025164,200.510491,53.791044,1.043052,305.000000,304.000000,307.000000
17.463724,12.708844,4.014972,200.408490,54.861857,1.043052,301.000000,307.000000,304.000000
17.477020,12.632345,4.025164,200.561491,56.697537,1.043052,311.000000,304.000000,309.000000
17.490367,12.708844,4.014972,200.408490,51.878878,0.737121,299.000000,297.000000,299.000000
17.503669,12.861841,4.020068,200.561491,56.774023,1.043052,295.000000,306.000000,302.000000
17.517005,12.963840,3.999684,200.255490,55.856184,0.839098,301.000000,300.000000,300.000000
17.530395,13.091338,4.009876,200.408490,57.921323,0.533167,303.000000,304.000000,304.000000
17.543675,13.142337,4.004780,200.204490,54.020504,0.635144,304.000000,301.000000,304.000000
17.557010,13.014839,4.025164,200.255490,57.691863,1.247006,298.000000,300.000000,299.000000
17.570347,13.142337,4.014972,200.357490,52.949691,0.737121,305.000000,304.000000,308.000000
17.583672,13.142337,4.025164,200.255490,56.697537,1.043052,299.000000,299.000000,300.000000
17.597074,13.193336,4.014972,200.102490,54.020504,0.839098,303.000000,302.000000,304.000000
17.610345,13.218836,4.025164,200.357490,56.697537,1.043052,300.000000,298.000000,300.000000
17.623680,13.295334,4.009876,200.153490,52.796717,0.839098,303.000000,303.000000,305.000000
17.637022,13.499331,4.014972,200.153490,56.850510,0.941075,304.000000,303.000000,304.000000
17.650344,13.499331,4.030260,200.102490,53.638071,1.043052,302.000000,302.000000,304.000000
17.663727,13.499331,4.004780,200.153490,54.632397,1.145029,298.000000,298.000000,299.000000
17.676991,13.652328,4.004780,200.051490,58.150783,0.839098,304.000000,302.000000,304.000000
17.690376,13.677828,4.009876,200.000490,52.949691,1.043052,300.000000,296.000000,300.000000
17.703699,13.524831,4.030260,200.306490,56.697537,0.839098,302.000000,299.000000,303.000000
17.717035,13.550330,4.014972,200.204490,55.014830,0.533167,298.000000,295.000000,297.000000
17.730416,13.601329,4.009876,200.153490,54.938344,0.839098,302.000000,300.000000,302.000000
17.743701,13.754327,3.989493,200.153490,57.997810,0.839098,300.000000,300.000000,301.000000
17.757037,13.703328,4.014972,200.153490,51.878878,0.839098,298.000000,299.000000,300.000000
17.770362,13.601329,4.025164,200.255490,56.544564,0.635144,298.000000,294.000000,296.000000
17.783680,13.550330,4.030260,200.153490,57.691863,1.043052,301.000000,301.000000,302.000000
17.797057,13.652328,4.004780,200.255490,54.861857,0.941075,300.000000,300.000000,301.000000
17.810343,13.677828,3.999684,200.051490,58.227270,0.533167,302.000000,301.000000,301.000000
17.823736,13.601329,4.014972,200.153490,52.873204,0.839098,301.000000,301.000000,301.000000
17.837022,13.601329,4.014972,200.102490,55.856184,0.737121,300.000000,299.000000,301.000000
